10
##start
start 0 1
##end
end 1 0
0 0 0
1 1 1
2 2 2
3 3 3
4 4 4
5 5 5
6 6 6
7 7 7
8 8 8
9 9 9
10 10 10
11 11 11
12 12 12
13 13 13
14 14 14
15 15 15
16 16 16
17 17 17
18 18 18
19 19 19
20 20 20
21 21 21
22 22 22
23 23 23
24 24 24
25 25 25
26 26 26
27 27 27
28 28 28
29 29 29
30 30 30
31 31 31
32 32 32
33 33 33
34 34 34
35 35 35
36 36 36
37 37 37
38 38 38
39 39 39
40 40 40
41 41 41
42 42 42
43 43 43
44 44 44
45 45 45
46 46 46
47 47 47
48 48 48
49 49 49
50 50 50
51 51 51
52 52 52
53 53 53
54 54 54
55 55 55
56 56 56
57 57 57
58 58 58
59 59 59
60 60 60
61 61 61
62 62 62
63 63 63
64 64 64
65 65 65
66 66 66
67 67 67
68 68 68
69 69 69
70 70 70
71 71 71
72 72 72
73 73 73
74 74 74
75 75 75
76 76 76
77 77 77
78 78 78
79 79 79
80 80 80
81 81 81
82 82 82
83 83 83
84 84 84
85 85 85
86 86 86
87 87 87
88 88 88
89 89 89
90 90 90
91 91 91
92 92 92
93 93 93
94 94 94
95 95 95
96 96 96
97 97 97
98 98 98
99 99 99
100 100 100
101 101 101
102 102 102
103 103 103
104 104 104
105 105 105
106 106 106
107 107 107
108 108 108
109 109 109
110 110 110
111 111 111
112 112 112
113 113 113
114 114 114
115 115 115
116 116 116
117 117 117
118 118 118
119 119 119
120 120 120
121 121 121
122 122 122
123 123 123
124 124 124
125 125 125
126 126 126
127 127 127
128 128 128
129 129 129
130 130 130
131 131 131
132 132 132
133 133 133
134 134 134
135 135 135
136 136 136
137 137 137
138 138 138
139 139 139
140 140 140
141 141 141
142 142 142
143 143 143
144 144 144
145 145 145
146 146 146
147 147 147
148 148 148
149 149 149
150 150 150
151 151 151
152 152 152
153 153 153
154 154 154
155 155 155
156 156 156
157 157 157
158 158 158
159 159 159
160 160 160
161 161 161
162 162 162
163 163 163
164 164 164
165 165 165
166 166 166
167 167 167
168 168 168
169 169 169
170 170 170
171 171 171
172 172 172
173 173 173
174 174 174
175 175 175
176 176 176
177 177 177
178 178 178
179 179 179
180 180 180
181 181 181
182 182 182
183 183 183
184 184 184
185 185 185
186 186 186
187 187 187
188 188 188
189 189 189
190 190 190
191 191 191
192 192 192
193 193 193
194 194 194
195 195 195
196 196 196
197 197 197
198 198 198
199 199 199
200 200 200
201 201 201
202 202 202
203 203 203
204 204 204
205 205 205
206 206 206
207 207 207
208 208 208
209 209 209
210 210 210
211 211 211
212 212 212
213 213 213
214 214 214
215 215 215
216 216 216
217 217 217
218 218 218
219 219 219
220 220 220
221 221 221
222 222 222
223 223 223
224 224 224
225 225 225
226 226 226
227 227 227
228 228 228
229 229 229
230 230 230
231 231 231
232 232 232
233 233 233
234 234 234
235 235 235
236 236 236
237 237 237
238 238 238
239 239 239
240 240 240
241 241 241
242 242 242
243 243 243
244 244 244
245 245 245
246 246 246
247 247 247
248 248 248
249 249 249
250 250 250
251 251 251
252 252 252
253 253 253
254 254 254
255 255 255
256 256 256
257 257 257
258 258 258
259 259 259
260 260 260
261 261 261
262 262 262
263 263 263
264 264 264
265 265 265
266 266 266
267 267 267
268 268 268
269 269 269
270 270 270
271 271 271
272 272 272
273 273 273
274 274 274
275 275 275
276 276 276
277 277 277
278 278 278
279 279 279
280 280 280
281 281 281
282 282 282
283 283 283
284 284 284
285 285 285
286 286 286
287 287 287
288 288 288
289 289 289
290 290 290
291 291 291
292 292 292
293 293 293
294 294 294
295 295 295
296 296 296
297 297 297
298 298 298
299 299 299
300 300 300
301 301 301
302 302 302
303 303 303
304 304 304
305 305 305
306 306 306
307 307 307
308 308 308
309 309 309
310 310 310
311 311 311
312 312 312
313 313 313
314 314 314
315 315 315
316 316 316
317 317 317
318 318 318
319 319 319
320 320 320
321 321 321
322 322 322
323 323 323
324 324 324
325 325 325
326 326 326
327 327 327
328 328 328
329 329 329
330 330 330
331 331 331
332 332 332
333 333 333
334 334 334
335 335 335
336 336 336
337 337 337
338 338 338
339 339 339
340 340 340
341 341 341
342 342 342
343 343 343
344 344 344
345 345 345
346 346 346
347 347 347
348 348 348
349 349 349
350 350 350
351 351 351
352 352 352
353 353 353
354 354 354
355 355 355
356 356 356
357 357 357
358 358 358
359 359 359
360 360 360
361 361 361
362 362 362
363 363 363
364 364 364
365 365 365
366 366 366
367 367 367
368 368 368
369 369 369
370 370 370
371 371 371
372 372 372
373 373 373
374 374 374
375 375 375
376 376 376
377 377 377
378 378 378
379 379 379
380 380 380
381 381 381
382 382 382
383 383 383
384 384 384
385 385 385
386 386 386
387 387 387
388 388 388
389 389 389
390 390 390
391 391 391
392 392 392
393 393 393
394 394 394
395 395 395
396 396 396
397 397 397
398 398 398
399 399 399
400 400 400
401 401 401
402 402 402
403 403 403
404 404 404
405 405 405
406 406 406
407 407 407
408 408 408
409 409 409
410 410 410
411 411 411
412 412 412
413 413 413
414 414 414
415 415 415
416 416 416
417 417 417
418 418 418
419 419 419
420 420 420
421 421 421
422 422 422
423 423 423
424 424 424
425 425 425
426 426 426
427 427 427
428 428 428
429 429 429
430 430 430
431 431 431
432 432 432
433 433 433
434 434 434
435 435 435
436 436 436
437 437 437
438 438 438
439 439 439
440 440 440
441 441 441
442 442 442
443 443 443
444 444 444
445 445 445
446 446 446
447 447 447
448 448 448
449 449 449
450 450 450
451 451 451
452 452 452
453 453 453
454 454 454
455 455 455
456 456 456
457 457 457
458 458 458
459 459 459
460 460 460
461 461 461
462 462 462
463 463 463
464 464 464
465 465 465
466 466 466
467 467 467
468 468 468
469 469 469
470 470 470
471 471 471
472 472 472
473 473 473
474 474 474
475 475 475
476 476 476
477 477 477
478 478 478
479 479 479
480 480 480
481 481 481
482 482 482
483 483 483
484 484 484
485 485 485
486 486 486
487 487 487
488 488 488
489 489 489
490 490 490
491 491 491
492 492 492
493 493 493
494 494 494
495 495 495
496 496 496
497 497 497
498 498 498
499 499 499
500 500 500
501 501 501
502 502 502
503 503 503
504 504 504
505 505 505
506 506 506
507 507 507
508 508 508
509 509 509
510 510 510
511 511 511
512 512 512
513 513 513
514 514 514
515 515 515
516 516 516
517 517 517
518 518 518
519 519 519
520 520 520
521 521 521
522 522 522
523 523 523
524 524 524
525 525 525
526 526 526
527 527 527
528 528 528
529 529 529
530 530 530
531 531 531
532 532 532
533 533 533
534 534 534
535 535 535
536 536 536
537 537 537
538 538 538
539 539 539
540 540 540
541 541 541
542 542 542
543 543 543
544 544 544
545 545 545
546 546 546
547 547 547
548 548 548
549 549 549
550 550 550
551 551 551
552 552 552
553 553 553
554 554 554
555 555 555
556 556 556
557 557 557
558 558 558
559 559 559
560 560 560
561 561 561
562 562 562
563 563 563
564 564 564
565 565 565
566 566 566
567 567 567
568 568 568
569 569 569
570 570 570
571 571 571
572 572 572
573 573 573
574 574 574
575 575 575
576 576 576
577 577 577
578 578 578
579 579 579
580 580 580
581 581 581
582 582 582
583 583 583
584 584 584
585 585 585
586 586 586
587 587 587
588 588 588
589 589 589
590 590 590
591 591 591
592 592 592
593 593 593
594 594 594
595 595 595
596 596 596
597 597 597
598 598 598
599 599 599
600 600 600
601 601 601
602 602 602
603 603 603
604 604 604
605 605 605
606 606 606
607 607 607
608 608 608
609 609 609
610 610 610
611 611 611
612 612 612
613 613 613
614 614 614
615 615 615
616 616 616
617 617 617
618 618 618
619 619 619
620 620 620
621 621 621
622 622 622
623 623 623
624 624 624
625 625 625
626 626 626
627 627 627
628 628 628
629 629 629
630 630 630
631 631 631
632 632 632
633 633 633
634 634 634
635 635 635
636 636 636
637 637 637
638 638 638
639 639 639
640 640 640
641 641 641
642 642 642
643 643 643
644 644 644
645 645 645
646 646 646
647 647 647
648 648 648
649 649 649
650 650 650
651 651 651
652 652 652
653 653 653
654 654 654
655 655 655
656 656 656
657 657 657
658 658 658
659 659 659
660 660 660
661 661 661
662 662 662
663 663 663
664 664 664
665 665 665
666 666 666
667 667 667
668 668 668
669 669 669
670 670 670
671 671 671
672 672 672
673 673 673
674 674 674
675 675 675
676 676 676
677 677 677
678 678 678
679 679 679
680 680 680
681 681 681
682 682 682
683 683 683
684 684 684
685 685 685
686 686 686
687 687 687
688 688 688
689 689 689
690 690 690
691 691 691
692 692 692
693 693 693
694 694 694
695 695 695
696 696 696
697 697 697
698 698 698
699 699 699
700 700 700
701 701 701
702 702 702
703 703 703
704 704 704
705 705 705
706 706 706
707 707 707
708 708 708
709 709 709
710 710 710
711 711 711
712 712 712
713 713 713
714 714 714
715 715 715
716 716 716
717 717 717
718 718 718
719 719 719
720 720 720
721 721 721
722 722 722
723 723 723
724 724 724
725 725 725
726 726 726
727 727 727
728 728 728
729 729 729
730 730 730
731 731 731
732 732 732
733 733 733
734 734 734
735 735 735
736 736 736
737 737 737
738 738 738
739 739 739
740 740 740
741 741 741
742 742 742
743 743 743
744 744 744
745 745 745
746 746 746
747 747 747
748 748 748
749 749 749
750 750 750
751 751 751
752 752 752
753 753 753
754 754 754
755 755 755
756 756 756
757 757 757
758 758 758
759 759 759
760 760 760
761 761 761
762 762 762
763 763 763
764 764 764
765 765 765
766 766 766
767 767 767
768 768 768
769 769 769
770 770 770
771 771 771
772 772 772
773 773 773
774 774 774
775 775 775
776 776 776
777 777 777
778 778 778
779 779 779
780 780 780
781 781 781
782 782 782
783 783 783
784 784 784
785 785 785
786 786 786
787 787 787
788 788 788
789 789 789
790 790 790
791 791 791
792 792 792
793 793 793
794 794 794
795 795 795
796 796 796
797 797 797
798 798 798
799 799 799
800 800 800
801 801 801
802 802 802
803 803 803
804 804 804
805 805 805
806 806 806
807 807 807
808 808 808
809 809 809
810 810 810
811 811 811
812 812 812
813 813 813
814 814 814
815 815 815
816 816 816
817 817 817
818 818 818
819 819 819
820 820 820
821 821 821
822 822 822
823 823 823
824 824 824
825 825 825
826 826 826
827 827 827
828 828 828
829 829 829
830 830 830
831 831 831
832 832 832
833 833 833
834 834 834
835 835 835
836 836 836
837 837 837
838 838 838
839 839 839
840 840 840
841 841 841
842 842 842
843 843 843
844 844 844
845 845 845
846 846 846
847 847 847
848 848 848
849 849 849
850 850 850
851 851 851
852 852 852
853 853 853
854 854 854
855 855 855
856 856 856
857 857 857
858 858 858
859 859 859
860 860 860
861 861 861
862 862 862
863 863 863
864 864 864
865 865 865
866 866 866
867 867 867
868 868 868
869 869 869
870 870 870
871 871 871
872 872 872
873 873 873
874 874 874
875 875 875
876 876 876
877 877 877
878 878 878
879 879 879
880 880 880
881 881 881
882 882 882
883 883 883
884 884 884
885 885 885
886 886 886
887 887 887
888 888 888
889 889 889
890 890 890
891 891 891
892 892 892
893 893 893
894 894 894
895 895 895
896 896 896
897 897 897
898 898 898
899 899 899
900 900 900
901 901 901
902 902 902
903 903 903
904 904 904
905 905 905
906 906 906
907 907 907
908 908 908
909 909 909
910 910 910
911 911 911
912 912 912
913 913 913
914 914 914
915 915 915
916 916 916
917 917 917
918 918 918
919 919 919
920 920 920
921 921 921
922 922 922
923 923 923
924 924 924
925 925 925
926 926 926
927 927 927
928 928 928
929 929 929
930 930 930
931 931 931
932 932 932
933 933 933
934 934 934
935 935 935
936 936 936
937 937 937
938 938 938
939 939 939
940 940 940
941 941 941
942 942 942
943 943 943
944 944 944
945 945 945
946 946 946
947 947 947
948 948 948
949 949 949
950 950 950
951 951 951
952 952 952
953 953 953
954 954 954
955 955 955
956 956 956
957 957 957
958 958 958
959 959 959
960 960 960
961 961 961
962 962 962
963 963 963
964 964 964
965 965 965
966 966 966
967 967 967
968 968 968
969 969 969
970 970 970
971 971 971
972 972 972
973 973 973
974 974 974
975 975 975
976 976 976
977 977 977
978 978 978
979 979 979
980 980 980
981 981 981
982 982 982
983 983 983
984 984 984
985 985 985
986 986 986
987 987 987
988 988 988
989 989 989
990 990 990
991 991 991
992 992 992
993 993 993
994 994 994
995 995 995
996 996 996
997 997 997
998 998 998
999 999 999
1000 1000 1000
1001 1001 1001
1002 1002 1002
1003 1003 1003
1004 1004 1004
1005 1005 1005
1006 1006 1006
1007 1007 1007
1008 1008 1008
1009 1009 1009
1010 1010 1010
1011 1011 1011
1012 1012 1012
1013 1013 1013
1014 1014 1014
1015 1015 1015
1016 1016 1016
1017 1017 1017
1018 1018 1018
1019 1019 1019
1020 1020 1020
1021 1021 1021
1022 1022 1022
1023 1023 1023
1024 1024 1024
1025 1025 1025
1026 1026 1026
1027 1027 1027
1028 1028 1028
1029 1029 1029
1030 1030 1030
1031 1031 1031
1032 1032 1032
1033 1033 1033
1034 1034 1034
1035 1035 1035
1036 1036 1036
1037 1037 1037
1038 1038 1038
1039 1039 1039
1040 1040 1040
1041 1041 1041
1042 1042 1042
1043 1043 1043
1044 1044 1044
1045 1045 1045
1046 1046 1046
1047 1047 1047
1048 1048 1048
1049 1049 1049
1050 1050 1050
1051 1051 1051
1052 1052 1052
1053 1053 1053
1054 1054 1054
1055 1055 1055
1056 1056 1056
1057 1057 1057
1058 1058 1058
1059 1059 1059
1060 1060 1060
1061 1061 1061
1062 1062 1062
1063 1063 1063
1064 1064 1064
1065 1065 1065
1066 1066 1066
1067 1067 1067
1068 1068 1068
1069 1069 1069
1070 1070 1070
1071 1071 1071
1072 1072 1072
1073 1073 1073
1074 1074 1074
1075 1075 1075
1076 1076 1076
1077 1077 1077
1078 1078 1078
1079 1079 1079
1080 1080 1080
1081 1081 1081
1082 1082 1082
1083 1083 1083
1084 1084 1084
1085 1085 1085
1086 1086 1086
1087 1087 1087
1088 1088 1088
1089 1089 1089
1090 1090 1090
1091 1091 1091
1092 1092 1092
1093 1093 1093
1094 1094 1094
1095 1095 1095
1096 1096 1096
1097 1097 1097
1098 1098 1098
1099 1099 1099
1100 1100 1100
1101 1101 1101
1102 1102 1102
1103 1103 1103
1104 1104 1104
1105 1105 1105
1106 1106 1106
1107 1107 1107
1108 1108 1108
1109 1109 1109
1110 1110 1110
1111 1111 1111
1112 1112 1112
1113 1113 1113
1114 1114 1114
1115 1115 1115
1116 1116 1116
1117 1117 1117
1118 1118 1118
1119 1119 1119
1120 1120 1120
1121 1121 1121
1122 1122 1122
1123 1123 1123
1124 1124 1124
1125 1125 1125
1126 1126 1126
1127 1127 1127
1128 1128 1128
1129 1129 1129
1130 1130 1130
1131 1131 1131
1132 1132 1132
1133 1133 1133
1134 1134 1134
1135 1135 1135
1136 1136 1136
1137 1137 1137
1138 1138 1138
1139 1139 1139
1140 1140 1140
1141 1141 1141
1142 1142 1142
1143 1143 1143
1144 1144 1144
1145 1145 1145
1146 1146 1146
1147 1147 1147
1148 1148 1148
1149 1149 1149
1150 1150 1150
1151 1151 1151
1152 1152 1152
1153 1153 1153
1154 1154 1154
1155 1155 1155
1156 1156 1156
1157 1157 1157
1158 1158 1158
1159 1159 1159
1160 1160 1160
1161 1161 1161
1162 1162 1162
1163 1163 1163
1164 1164 1164
1165 1165 1165
1166 1166 1166
1167 1167 1167
1168 1168 1168
1169 1169 1169
1170 1170 1170
1171 1171 1171
1172 1172 1172
1173 1173 1173
1174 1174 1174
1175 1175 1175
1176 1176 1176
1177 1177 1177
1178 1178 1178
1179 1179 1179
1180 1180 1180
1181 1181 1181
1182 1182 1182
1183 1183 1183
1184 1184 1184
1185 1185 1185
1186 1186 1186
1187 1187 1187
1188 1188 1188
1189 1189 1189
1190 1190 1190
1191 1191 1191
1192 1192 1192
1193 1193 1193
1194 1194 1194
1195 1195 1195
1196 1196 1196
1197 1197 1197
1198 1198 1198
1199 1199 1199
1200 1200 1200
1201 1201 1201
1202 1202 1202
1203 1203 1203
1204 1204 1204
1205 1205 1205
1206 1206 1206
1207 1207 1207
1208 1208 1208
1209 1209 1209
1210 1210 1210
1211 1211 1211
1212 1212 1212
1213 1213 1213
1214 1214 1214
1215 1215 1215
1216 1216 1216
1217 1217 1217
1218 1218 1218
1219 1219 1219
1220 1220 1220
1221 1221 1221
1222 1222 1222
1223 1223 1223
1224 1224 1224
1225 1225 1225
1226 1226 1226
1227 1227 1227
1228 1228 1228
1229 1229 1229
1230 1230 1230
1231 1231 1231
1232 1232 1232
1233 1233 1233
1234 1234 1234
1235 1235 1235
1236 1236 1236
1237 1237 1237
1238 1238 1238
1239 1239 1239
1240 1240 1240
1241 1241 1241
1242 1242 1242
1243 1243 1243
1244 1244 1244
1245 1245 1245
1246 1246 1246
1247 1247 1247
1248 1248 1248
1249 1249 1249
1250 1250 1250
1251 1251 1251
1252 1252 1252
1253 1253 1253
1254 1254 1254
1255 1255 1255
1256 1256 1256
1257 1257 1257
1258 1258 1258
1259 1259 1259
1260 1260 1260
1261 1261 1261
1262 1262 1262
1263 1263 1263
1264 1264 1264
1265 1265 1265
1266 1266 1266
1267 1267 1267
1268 1268 1268
1269 1269 1269
1270 1270 1270
1271 1271 1271
1272 1272 1272
1273 1273 1273
1274 1274 1274
1275 1275 1275
1276 1276 1276
1277 1277 1277
1278 1278 1278
1279 1279 1279
1280 1280 1280
1281 1281 1281
1282 1282 1282
1283 1283 1283
1284 1284 1284
1285 1285 1285
1286 1286 1286
1287 1287 1287
1288 1288 1288
1289 1289 1289
1290 1290 1290
1291 1291 1291
1292 1292 1292
1293 1293 1293
1294 1294 1294
1295 1295 1295
1296 1296 1296
1297 1297 1297
1298 1298 1298
1299 1299 1299
1300 1300 1300
1301 1301 1301
1302 1302 1302
1303 1303 1303
1304 1304 1304
1305 1305 1305
1306 1306 1306
1307 1307 1307
1308 1308 1308
1309 1309 1309
1310 1310 1310
1311 1311 1311
1312 1312 1312
1313 1313 1313
1314 1314 1314
1315 1315 1315
1316 1316 1316
1317 1317 1317
1318 1318 1318
1319 1319 1319
1320 1320 1320
1321 1321 1321
1322 1322 1322
1323 1323 1323
1324 1324 1324
1325 1325 1325
1326 1326 1326
1327 1327 1327
1328 1328 1328
1329 1329 1329
1330 1330 1330
1331 1331 1331
1332 1332 1332
1333 1333 1333
1334 1334 1334
1335 1335 1335
1336 1336 1336
1337 1337 1337
1338 1338 1338
1339 1339 1339
1340 1340 1340
1341 1341 1341
1342 1342 1342
1343 1343 1343
1344 1344 1344
1345 1345 1345
1346 1346 1346
1347 1347 1347
1348 1348 1348
1349 1349 1349
1350 1350 1350
1351 1351 1351
1352 1352 1352
1353 1353 1353
1354 1354 1354
1355 1355 1355
1356 1356 1356
1357 1357 1357
1358 1358 1358
1359 1359 1359
1360 1360 1360
1361 1361 1361
1362 1362 1362
1363 1363 1363
1364 1364 1364
1365 1365 1365
1366 1366 1366
1367 1367 1367
1368 1368 1368
1369 1369 1369
1370 1370 1370
1371 1371 1371
1372 1372 1372
1373 1373 1373
1374 1374 1374
1375 1375 1375
1376 1376 1376
1377 1377 1377
1378 1378 1378
1379 1379 1379
1380 1380 1380
1381 1381 1381
1382 1382 1382
1383 1383 1383
1384 1384 1384
1385 1385 1385
1386 1386 1386
1387 1387 1387
1388 1388 1388
1389 1389 1389
1390 1390 1390
1391 1391 1391
1392 1392 1392
1393 1393 1393
1394 1394 1394
1395 1395 1395
1396 1396 1396
1397 1397 1397
1398 1398 1398
1399 1399 1399
1400 1400 1400
1401 1401 1401
1402 1402 1402
1403 1403 1403
1404 1404 1404
1405 1405 1405
1406 1406 1406
1407 1407 1407
1408 1408 1408
1409 1409 1409
1410 1410 1410
1411 1411 1411
1412 1412 1412
1413 1413 1413
1414 1414 1414
1415 1415 1415
1416 1416 1416
1417 1417 1417
1418 1418 1418
1419 1419 1419
1420 1420 1420
1421 1421 1421
1422 1422 1422
1423 1423 1423
1424 1424 1424
1425 1425 1425
1426 1426 1426
1427 1427 1427
1428 1428 1428
1429 1429 1429
1430 1430 1430
1431 1431 1431
1432 1432 1432
1433 1433 1433
1434 1434 1434
1435 1435 1435
1436 1436 1436
1437 1437 1437
1438 1438 1438
1439 1439 1439
1440 1440 1440
1441 1441 1441
1442 1442 1442
1443 1443 1443
1444 1444 1444
1445 1445 1445
1446 1446 1446
1447 1447 1447
1448 1448 1448
1449 1449 1449
1450 1450 1450
1451 1451 1451
1452 1452 1452
1453 1453 1453
1454 1454 1454
1455 1455 1455
1456 1456 1456
1457 1457 1457
1458 1458 1458
1459 1459 1459
1460 1460 1460
1461 1461 1461
1462 1462 1462
1463 1463 1463
1464 1464 1464
1465 1465 1465
1466 1466 1466
1467 1467 1467
1468 1468 1468
1469 1469 1469
1470 1470 1470
1471 1471 1471
1472 1472 1472
1473 1473 1473
1474 1474 1474
1475 1475 1475
1476 1476 1476
1477 1477 1477
1478 1478 1478
1479 1479 1479
1480 1480 1480
1481 1481 1481
1482 1482 1482
1483 1483 1483
1484 1484 1484
1485 1485 1485
1486 1486 1486
1487 1487 1487
1488 1488 1488
1489 1489 1489
1490 1490 1490
1491 1491 1491
1492 1492 1492
1493 1493 1493
1494 1494 1494
1495 1495 1495
1496 1496 1496
1497 1497 1497
1498 1498 1498
1499 1499 1499
1500 1500 1500
1501 1501 1501
1502 1502 1502
1503 1503 1503
1504 1504 1504
1505 1505 1505
1506 1506 1506
1507 1507 1507
1508 1508 1508
1509 1509 1509
1510 1510 1510
1511 1511 1511
1512 1512 1512
1513 1513 1513
1514 1514 1514
1515 1515 1515
1516 1516 1516
1517 1517 1517
1518 1518 1518
1519 1519 1519
1520 1520 1520
1521 1521 1521
1522 1522 1522
1523 1523 1523
1524 1524 1524
1525 1525 1525
1526 1526 1526
1527 1527 1527
1528 1528 1528
1529 1529 1529
1530 1530 1530
1531 1531 1531
1532 1532 1532
1533 1533 1533
1534 1534 1534
1535 1535 1535
1536 1536 1536
1537 1537 1537
1538 1538 1538
1539 1539 1539
1540 1540 1540
1541 1541 1541
1542 1542 1542
1543 1543 1543
1544 1544 1544
1545 1545 1545
1546 1546 1546
1547 1547 1547
1548 1548 1548
1549 1549 1549
1550 1550 1550
1551 1551 1551
1552 1552 1552
1553 1553 1553
1554 1554 1554
1555 1555 1555
1556 1556 1556
1557 1557 1557
1558 1558 1558
1559 1559 1559
1560 1560 1560
1561 1561 1561
1562 1562 1562
1563 1563 1563
1564 1564 1564
1565 1565 1565
1566 1566 1566
1567 1567 1567
1568 1568 1568
1569 1569 1569
1570 1570 1570
1571 1571 1571
1572 1572 1572
1573 1573 1573
1574 1574 1574
1575 1575 1575
1576 1576 1576
1577 1577 1577
1578 1578 1578
1579 1579 1579
1580 1580 1580
1581 1581 1581
1582 1582 1582
1583 1583 1583
1584 1584 1584
1585 1585 1585
1586 1586 1586
1587 1587 1587
1588 1588 1588
1589 1589 1589
1590 1590 1590
1591 1591 1591
1592 1592 1592
1593 1593 1593
1594 1594 1594
1595 1595 1595
1596 1596 1596
1597 1597 1597
1598 1598 1598
1599 1599 1599
1600 1600 1600
1601 1601 1601
1602 1602 1602
1603 1603 1603
1604 1604 1604
1605 1605 1605
1606 1606 1606
1607 1607 1607
1608 1608 1608
1609 1609 1609
1610 1610 1610
1611 1611 1611
1612 1612 1612
1613 1613 1613
1614 1614 1614
1615 1615 1615
1616 1616 1616
1617 1617 1617
1618 1618 1618
1619 1619 1619
1620 1620 1620
1621 1621 1621
1622 1622 1622
1623 1623 1623
1624 1624 1624
1625 1625 1625
1626 1626 1626
1627 1627 1627
1628 1628 1628
1629 1629 1629
1630 1630 1630
1631 1631 1631
1632 1632 1632
1633 1633 1633
1634 1634 1634
1635 1635 1635
1636 1636 1636
1637 1637 1637
1638 1638 1638
1639 1639 1639
1640 1640 1640
1641 1641 1641
1642 1642 1642
1643 1643 1643
1644 1644 1644
1645 1645 1645
1646 1646 1646
1647 1647 1647
1648 1648 1648
1649 1649 1649
1650 1650 1650
1651 1651 1651
1652 1652 1652
1653 1653 1653
1654 1654 1654
1655 1655 1655
1656 1656 1656
1657 1657 1657
1658 1658 1658
1659 1659 1659
1660 1660 1660
1661 1661 1661
1662 1662 1662
1663 1663 1663
1664 1664 1664
1665 1665 1665
1666 1666 1666
1667 1667 1667
1668 1668 1668
1669 1669 1669
1670 1670 1670
1671 1671 1671
1672 1672 1672
1673 1673 1673
1674 1674 1674
1675 1675 1675
1676 1676 1676
1677 1677 1677
1678 1678 1678
1679 1679 1679
1680 1680 1680
1681 1681 1681
1682 1682 1682
1683 1683 1683
1684 1684 1684
1685 1685 1685
1686 1686 1686
1687 1687 1687
1688 1688 1688
1689 1689 1689
1690 1690 1690
1691 1691 1691
1692 1692 1692
1693 1693 1693
1694 1694 1694
1695 1695 1695
1696 1696 1696
1697 1697 1697
1698 1698 1698
1699 1699 1699
1700 1700 1700
1701 1701 1701
1702 1702 1702
1703 1703 1703
1704 1704 1704
1705 1705 1705
1706 1706 1706
1707 1707 1707
1708 1708 1708
1709 1709 1709
1710 1710 1710
1711 1711 1711
1712 1712 1712
1713 1713 1713
1714 1714 1714
1715 1715 1715
1716 1716 1716
1717 1717 1717
1718 1718 1718
1719 1719 1719
1720 1720 1720
1721 1721 1721
1722 1722 1722
1723 1723 1723
1724 1724 1724
1725 1725 1725
1726 1726 1726
1727 1727 1727
1728 1728 1728
1729 1729 1729
1730 1730 1730
1731 1731 1731
1732 1732 1732
1733 1733 1733
1734 1734 1734
1735 1735 1735
1736 1736 1736
1737 1737 1737
1738 1738 1738
1739 1739 1739
1740 1740 1740
1741 1741 1741
1742 1742 1742
1743 1743 1743
1744 1744 1744
1745 1745 1745
1746 1746 1746
1747 1747 1747
1748 1748 1748
1749 1749 1749
1750 1750 1750
1751 1751 1751
1752 1752 1752
1753 1753 1753
1754 1754 1754
1755 1755 1755
1756 1756 1756
1757 1757 1757
1758 1758 1758
1759 1759 1759
1760 1760 1760
1761 1761 1761
1762 1762 1762
1763 1763 1763
1764 1764 1764
1765 1765 1765
1766 1766 1766
1767 1767 1767
1768 1768 1768
1769 1769 1769
1770 1770 1770
1771 1771 1771
1772 1772 1772
1773 1773 1773
1774 1774 1774
1775 1775 1775
1776 1776 1776
1777 1777 1777
1778 1778 1778
1779 1779 1779
1780 1780 1780
1781 1781 1781
1782 1782 1782
1783 1783 1783
1784 1784 1784
1785 1785 1785
1786 1786 1786
1787 1787 1787
1788 1788 1788
1789 1789 1789
1790 1790 1790
1791 1791 1791
1792 1792 1792
1793 1793 1793
1794 1794 1794
1795 1795 1795
1796 1796 1796
1797 1797 1797
1798 1798 1798
1799 1799 1799
1800 1800 1800
1801 1801 1801
1802 1802 1802
1803 1803 1803
1804 1804 1804
1805 1805 1805
1806 1806 1806
1807 1807 1807
1808 1808 1808
1809 1809 1809
1810 1810 1810
1811 1811 1811
1812 1812 1812
1813 1813 1813
1814 1814 1814
1815 1815 1815
1816 1816 1816
1817 1817 1817
1818 1818 1818
1819 1819 1819
1820 1820 1820
1821 1821 1821
1822 1822 1822
1823 1823 1823
1824 1824 1824
1825 1825 1825
1826 1826 1826
1827 1827 1827
1828 1828 1828
1829 1829 1829
1830 1830 1830
1831 1831 1831
1832 1832 1832
1833 1833 1833
1834 1834 1834
1835 1835 1835
1836 1836 1836
1837 1837 1837
1838 1838 1838
1839 1839 1839
1840 1840 1840
1841 1841 1841
1842 1842 1842
1843 1843 1843
1844 1844 1844
1845 1845 1845
1846 1846 1846
1847 1847 1847
1848 1848 1848
1849 1849 1849
1850 1850 1850
1851 1851 1851
1852 1852 1852
1853 1853 1853
1854 1854 1854
1855 1855 1855
1856 1856 1856
1857 1857 1857
1858 1858 1858
1859 1859 1859
1860 1860 1860
1861 1861 1861
1862 1862 1862
1863 1863 1863
1864 1864 1864
1865 1865 1865
1866 1866 1866
1867 1867 1867
1868 1868 1868
1869 1869 1869
1870 1870 1870
1871 1871 1871
1872 1872 1872
1873 1873 1873
1874 1874 1874
1875 1875 1875
1876 1876 1876
1877 1877 1877
1878 1878 1878
1879 1879 1879
1880 1880 1880
1881 1881 1881
1882 1882 1882
1883 1883 1883
1884 1884 1884
1885 1885 1885
1886 1886 1886
1887 1887 1887
1888 1888 1888
1889 1889 1889
1890 1890 1890
1891 1891 1891
1892 1892 1892
1893 1893 1893
1894 1894 1894
1895 1895 1895
1896 1896 1896
1897 1897 1897
1898 1898 1898
1899 1899 1899
1900 1900 1900
1901 1901 1901
1902 1902 1902
1903 1903 1903
1904 1904 1904
1905 1905 1905
1906 1906 1906
1907 1907 1907
1908 1908 1908
1909 1909 1909
1910 1910 1910
1911 1911 1911
1912 1912 1912
1913 1913 1913
1914 1914 1914
1915 1915 1915
1916 1916 1916
1917 1917 1917
1918 1918 1918
1919 1919 1919
1920 1920 1920
1921 1921 1921
1922 1922 1922
1923 1923 1923
1924 1924 1924
1925 1925 1925
1926 1926 1926
1927 1927 1927
1928 1928 1928
1929 1929 1929
1930 1930 1930
1931 1931 1931
1932 1932 1932
1933 1933 1933
1934 1934 1934
1935 1935 1935
1936 1936 1936
1937 1937 1937
1938 1938 1938
1939 1939 1939
1940 1940 1940
1941 1941 1941
1942 1942 1942
1943 1943 1943
1944 1944 1944
1945 1945 1945
1946 1946 1946
1947 1947 1947
1948 1948 1948
1949 1949 1949
1950 1950 1950
1951 1951 1951
1952 1952 1952
1953 1953 1953
1954 1954 1954
1955 1955 1955
1956 1956 1956
1957 1957 1957
1958 1958 1958
1959 1959 1959
1960 1960 1960
1961 1961 1961
1962 1962 1962
1963 1963 1963
1964 1964 1964
1965 1965 1965
1966 1966 1966
1967 1967 1967
1968 1968 1968
1969 1969 1969
1970 1970 1970
1971 1971 1971
1972 1972 1972
1973 1973 1973
1974 1974 1974
1975 1975 1975
1976 1976 1976
1977 1977 1977
1978 1978 1978
1979 1979 1979
1980 1980 1980
1981 1981 1981
1982 1982 1982
1983 1983 1983
1984 1984 1984
1985 1985 1985
1986 1986 1986
1987 1987 1987
1988 1988 1988
1989 1989 1989
1990 1990 1990
1991 1991 1991
1992 1992 1992
1993 1993 1993
1994 1994 1994
1995 1995 1995
1996 1996 1996
1997 1997 1997
1998 1998 1998
1999 1999 1999
0-1750
1-463
1-920
2-1199
3-291
4-1445
4-535
4-627
5-1294
5-712
5-43
5-1527
6-201
7-920
8-869
8-41
8-1074
9-488
9-1865
9-1127
10-1702
11-1863
11-1009
12-131
12-624
13-1761
14-1309
15-1958
15-1662
15-1220
16-1190
16-495
17-1447
17-1352
18-1645
18-1434
18-1980
18-1746
18-1424
19-1127
20-1648
21-1686
22-284
22-865
23-423
23-437
24-300
24-1314
25-880
26-1350
26-538
26-1007
27-658
28-1677
29-272
29-1433
30-558
31-606
32-699
32-788
33-405
33-490
34-1899
34-361
34-1304
35-1444
35-1915
36-171
37-2
38-969
38-850
38-1357
39-48
40-1853
41-1466
41-1241
41-89
41-1662
41-1803
42-1136
43-1406
43-1730
44-494
44-799
45-728
46-528
47-1162
48-1605
48-514
48-1471
48-882
49-1609
50-1013
51-1921
52-521
53-1095
53-1260
54-1027
54-1927
54-1589
55-1435
56-1576
57-61
57-1794
58-375
58-1494
58-818
58-1571
59-1131
60-500
60-694
60-520
60-805
61-91
61-747
62-676
62-769
62-385
63-1977
63-1311
63-582
64-700
65-847
65-1560
66-626
66-1416
67-848
67-1853
67-765
68-780
69-48
69-525
69-1469
69-1318
69-346
70-541
71-345
72-1705
72-612
72-897
72-1490
73-585
73-171
73-1834
73-1162
73-801
73-104
74-1066
75-1689
76-253
77-1562
78-248
79-1453
79-1099
79-1026
80-1635
81-1924
82-814
82-85
82-922
83-1201
83-1085
84-948
84-282
84-64
85-1375
85-1426
85-14
86-845
86-34
87-385
88-1252
89-838
89-270
89-126
90-361
90-1460
90-283
90-56
91-429
92-1379
92-452
93-1729
94-1592
94-1598
94-551
94-1784
95-605
95-721
95-1508
95-1592
95-1903
95-269
95-992
95-1464
96-129
97-269
98-607
99-1874
100-328
100-1603
100-388
100-803
100-739
100-1162
100-1338
100-1422
100-485
101-821
102-1027
102-1870
102-1492
103-1518
104-1748
105-1187
105-1350
105-19
106-1487
106-513
106-1540
106-314
107-1025
107-305
107-1077
107-1251
107-819
107-1553
107-1322
107-561
107-168
107-1637
107-767
107-619
107-178
107-719
108-827
109-1943
110-729
111-194
112-107
112-1632
112-1524
113-1829
113-68
113-577
114-864
114-1318
114-1956
114-1924
115-1905
116-632
116-1302
116-144
116-1942
116-65
116-1866
116-1710
117-1897
118-964
119-734
120-471
120-1010
120-1680
121-1766
121-1516
121-597
122-1655
123-1766
124-300
124-246
124-897
125-1720
126-1921
126-590
126-978
126-1179
126-1418
127-1865
128-744
128-1765
129-985
129-390
129-442
129-475
129-1714
130-1583
130-1995
130-521
131-1045
131-118
132-1226
132-697
133-1785
134-1428
134-1678
134-1625
135-988
135-539
136-1473
136-480
136-1493
137-1221
137-1084
138-1724
138-243
139-1204
139-951
140-1344
141-1490
141-1427
142-862
142-771
143-974
143-950
144-544
144-128
144-869
144-404
144-333
144-675
145-884
145-1422
145-1836
145-104
145-1314
146-184
146-1459
146-0
146-1637
146-1940
146-184
146-1000
146-1612
146-1504
147-521
147-1467
148-957
148-138
149-84
149-856
150-1873
151-108
152-528
152-1342
153-1035
153-1868
153-541
154-11
154-729
154-1241
154-1670
155-334
155-1643
156-10
156-1787
156-1285
157-118
157-252
157-1381
157-1644
158-452
158-1535
158-1177
158-311
158-855
158-640
158-357
159-1065
159-758
160-1172
161-1367
162-1241
163-1522
163-1843
163-48
164-1918
164-1490
165-415
166-1795
167-805
167-596
168-738
169-589
169-268
169-79
170-561
171-1548
171-1950
172-774
172-1675
172-269
172-1038
172-1613
172-1738
173-551
174-1343
175-1481
176-727
177-1903
177-1799
178-1695
179-1113
180-417
180-960
180-397
181-1999
181-1946
181-1970
182-299
182-16
183-185
183-1949
183-602
183-1724
184-1489
185-1695
185-1706
185-1363
186-1205
187-1691
188-1274
189-1655
189-119
190-1528
191-643
192-293
193-477
193-32
194-1993
194-487
194-1234
195-1647
196-1168
197-1510
198-298
199-1408
199-1754
200-1770
201-897
202-465
203-305
204-1340
205-1686
205-1061
205-1541
206-1648
207-263
207-144
207-435
208-355
209-1618
209-1706
210-526
210-1083
210-908
211-471
211-1956
212-1553
213-707
213-1986
213-418
214-1637
215-315
215-208
215-133
215-1408
215-1466
216-1325
216-1351
216-1252
216-191
217-1663
217-588
218-839
219-152
220-386
221-1663
221-1036
221-126
222-529
223-63
223-1905
223-1799
224-1553
224-361
224-1966
225-760
225-75
226-1687
226-1460
226-448
227-507
227-1957
227-1449
227-286
227-625
228-536
228-1180
229-701
229-1404
230-700
231-1776
231-794
231-528
232-740
232-663
233-1080
234-1910
234-1663
234-1936
234-1447
234-710
234-722
234-519
234-1707
235-1595
235-1549
236-74
236-933
237-976
238-1912
239-522
240-547
241-1958
242-587
243-1748
243-1950
243-1943
243-880
244-803
245-1559
246-1563
247-1293
247-272
248-1976
248-1269
249-1535
249-635
250-793
251-1028
252-1574
253-258
254-1952
255-1762
255-302
256-372
257-1474
257-1323
257-1059
258-796
259-530
260-1526
260-1937
261-388
262-14
263-1026
263-177
264-858
264-273
264-178
265-395
265-1267
265-359
265-1726
265-942
265-244
265-1975
266-240
266-1628
266-252
267-937
268-233
268-505
268-1252
269-713
270-441
271-1834
271-816
272-1975
272-1201
273-1217
273-1545
274-266
274-254
274-935
275-227
276-1806
277-669
277-458
277-992
278-549
278-1996
278-1534
278-1597
279-595
280-1915
280-1509
280-551
280-83
281-854
281-1607
282-836
283-1978
283-1720
283-1661
283-497
283-294
284-534
285-23
285-651
285-1302
286-1371
287-1606
288-1784
288-1171
288-1139
289-957
289-803
290-476
291-690
292-767
293-387
294-1240
295-1732
296-860
296-121
297-1738
297-1088
297-1756
298-1592
298-177
298-359
298-1203
299-801
300-804
301-1531
302-1793
302-410
303-1842
304-90
305-1039
306-937
306-897
307-1435
308-1262
308-426
309-1924
310-335
310-75
311-1203
311-234
312-887
313-1576
314-354
315-122
316-1823
317-1346
317-921
317-793
317-476
318-1672
319-641
319-1263
319-125
319-1519
319-185
320-1808
321-1977
322-686
323-1308
323-184
323-472
323-450
323-8
324-442
325-1032
325-710
325-1895
326-1745
327-555
327-312
328-1679
329-166
330-30
330-477
330-547
330-1168
330-852
331-1165
332-1645
332-8
333-435
334-287
335-1755
335-208
335-1770
335-1362
336-815
336-1536
337-1399
338-127
339-1664
340-1924
341-1448
342-457
343-762
344-477
344-495
345-56
346-328
346-946
346-1622
346-172
346-1856
347-941
348-1490
349-1981
349-1006
350-359
350-1911
351-725
351-678
351-281
352-1884
352-1240
353-222
354-469
355-1369
355-1753
355-414
356-1568
357-1437
358-497
359-615
360-1281
361-1256
361-494
361-694
361-368
361-1311
361-632
361-263
362-1584
362-1078
363-1241
364-1334
364-56
365-1548
365-456
366-148
367-860
367-308
368-279
369-109
369-1674
369-1069
370-242
371-218
371-1185
371-497
372-577
372-50
372-1997
372-94
373-1608
373-580
373-1360
374-1044
374-1951
375-491
375-1135
376-316
376-1189
377-1420
377-1755
378-1595
378-1028
379-166
379-672
380-970
380-1734
381-1343
381-1970
381-1817
381-1608
382-468
383-985
384-252
384-1097
384-87
385-1636
386-1429
387-1400
387-94
388-479
388-1920
388-1311
388-1040
388-701
388-1365
388-194
389-851
389-351
389-1463
389-126
390-226
390-1512
391-1481
392-527
392-1319
393-1207
394-975
394-331
394-1825
394-490
395-1411
395-1833
396-870
396-1614
396-1156
396-720
396-1293
397-305
397-1675
397-1449
398-753
399-1516
399-313
399-965
400-66
401-1302
402-1438
403-883
404-1527
405-433
405-166
406-1570
407-1140
408-10
409-1074
410-1977
411-1383
412-839
413-486
414-227
415-1487
415-1950
415-946
415-167
416-282
417-1338
418-1638
418-550
418-1334
418-260
419-986
419-1108
420-1107
420-1531
421-1284
422-246
423-337
423-1496
423-1685
423-1748
424-465
424-1278
425-1798
425-471
425-1284
426-718
427-1447
428-1057
429-719
430-1489
431-579
432-1417
432-1677
433-855
433-1783
434-1073
434-468
435-22
436-1675
437-978
437-868
438-470
438-1440
438-732
439-311
440-1188
441-413
442-601
442-1978
443-634
443-183
444-118
445-739
445-1728
446-651
447-860
448-1934
448-1985
448-1931
449-461
449-1376
449-383
449-1708
449-761
450-206
451-812
452-1979
453-1920
454-588
455-1206
455-1679
455-1088
456-111
457-1084
458-1227
459-1850
459-1032
459-1985
460-82
460-1400
461-1063
461-877
462-1908
463-364
464-1165
465-368
466-838
467-1033
468-937
468-1906
469-1773
469-1404
469-1688
470-842
470-261
471-963
472-237
473-23
473-1444
474-293
475-745
476-330
476-279
477-1810
477-1184
478-1895
478-896
479-1099
480-1076
480-1292
481-941
482-1555
483-921
484-1104
484-1747
485-1810
486-457
487-893
488-1673
488-173
489-239
490-545
490-500
491-490
491-925
491-1259
491-1927
492-467
492-49
493-892
493-52
493-179
494-310
495-1456
496-1727
497-1504
497-1684
497-1343
498-997
498-1145
498-169
498-1567
498-357
498-612
499-65
499-1997
499-1022
499-1676
500-1251
501-30
502-1515
502-424
502-1824
503-364
503-1047
503-734
504-885
504-1206
504-253
504-707
505-224
505-577
506-1512
506-946
506-327
506-529
507-538
507-776
507-1614
508-1338
509-392
510-1022
510-718
511-1380
511-749
511-1381
512-581
513-1164
513-1832
513-764
513-1150
514-960
514-251
514-477
515-43
515-957
516-935
516-810
517-1865
517-1508
517-1897
517-1831
518-372
519-1594
519-1789
519-801
519-1385
520-1992
521-1933
521-929
522-236
523-797
523-1918
523-352
524-783
524-548
524-1095
524-1852
525-680
526-91
527-541
527-760
528-1163
529-653
529-783
529-1068
530-1796
531-950
531-1897
531-824
531-1654
531-1568
532-880
533-1101
533-972
534-597
534-1192
535-1934
536-208
536-692
537-1017
537-430
537-790
538-1672
539-499
540-943
540-579
541-1607
542-1112
543-1795
544-923
545-611
546-1911
546-1390
546-1386
547-838
547-1580
547-702
548-737
549-1415
549-313
549-224
549-1062
549-230
549-1514
550-1343
550-1855
551-1863
552-422
552-712
552-671
553-489
553-846
553-1036
553-771
554-303
555-1249
556-941
557-1440
558-1295
558-357
558-1196
559-1533
560-1798
561-138
562-280
562-1823
562-455
563-761
563-1770
563-1116
564-598
564-767
565-1435
565-71
566-954
567-173
568-289
569-683
570-496
571-1261
572-975
572-397
572-842
573-1277
573-520
573-1514
573-1056
573-1665
574-1460
574-550
575-1167
576-196
576-604
577-1599
577-767
577-64
578-285
579-881
580-1374
580-423
581-1598
582-1701
583-191
583-123
584-455
585-834
586-1108
586-882
586-95
586-1319
586-1219
587-1497
588-1112
589-197
590-749
591-1080
592-131
593-939
593-588
594-1153
595-1280
595-749
595-412
595-304
596-1760
597-1958
597-758
598-360
598-1341
599-333
600-1300
601-1625
602-1174
602-817
603-1475
604-971
605-362
606-1366
607-1610
607-171
607-1064
608-45
608-1652
609-338
609-399
610-71
611-371
611-409
612-1672
613-1984
614-1662
614-1438
615-819
615-950
615-1547
615-290
615-987
616-1730
617-357
617-1206
617-955
618-1498
618-1577
619-1024
620-1393
621-144
621-483
622-1667
622-1275
622-903
623-1812
623-1823
623-1782
623-1487
624-249
624-1072
624-1806
625-1010
626-653
626-365
627-1963
628-72
628-1874
628-1598
628-1438
629-201
630-631
630-1500
630-866
630-594
630-1549
630-1488
631-961
631-958
632-470
632-266
633-1361
634-1369
634-1338
634-1323
634-449
634-83
635-1828
636-456
636-1943
636-1719
636-174
637-1661
637-834
638-1694
638-27
638-1413
638-458
638-1342
638-464
638-195
638-1391
638-1599
639-1969
640-1108
641-827
641-284
642-1715
643-1951
643-1642
643-1163
643-1
643-117
644-733
644-144
645-1274
645-1105
645-589
646-1575
647-1101
648-104
649-1749
649-1680
649-1574
650-1095
650-1847
651-46
652-35
652-1511
652-604
653-342
653-1104
653-629
654-721
655-1689
655-1072
655-942
656-907
657-1899
657-439
657-1193
657-1735
658-1156
658-1479
659-1868
660-158
661-1327
662-786
662-1256
662-438
662-1030
663-915
664-860
665-731
665-279
665-35
665-1455
665-269
666-1740
667-953
667-1873
668-1379
669-1807
670-56
671-1132
672-1731
673-664
673-1567
673-896
674-1299
674-507
674-789
675-1465
675-941
675-717
675-1837
675-1205
675-1108
675-1933
675-47
675-253
675-824
676-639
676-518
677-916
678-242
679-669
679-292
679-689
679-52
679-24
680-806
680-1775
680-193
680-1053
681-887
681-1280
682-1427
682-1757
683-720
684-276
685-164
686-1739
687-1730
687-1420
687-586
688-1922
689-1360
690-7
690-617
691-1348
692-1208
693-1369
693-55
693-1765
694-1038
695-1343
696-833
696-659
697-751
697-820
697-480
697-1952
698-200
699-112
700-1444
701-1400
702-208
703-1426
704-218
704-1132
704-1554
705-372
705-1726
706-1598
706-1788
706-1368
706-1202
706-267
706-1730
706-219
706-754
706-593
707-81
708-1521
708-685
708-494
709-1644
710-858
710-811
710-1443
711-1949
712-608
712-941
713-1994
713-40
713-1379
713-1000
713-33
714-1824
714-1890
714-1155
714-1992
714-1910
715-1349
716-213
717-1563
717-309
717-1569
717-1484
717-570
717-705
717-1276
717-1552
718-1452
718-423
718-1293
719-1589
719-184
719-360
720-1329
721-251
722-1566
722-1148
723-1675
724-792
724-1589
725-570
725-623
725-1666
725-785
726-1061
726-716
726-1767
727-1557
728-184
729-1073
730-829
731-252
731-1810
731-1619
731-1211
731-1380
732-384
732-283
732-1574
733-1073
733-811
734-99
735-1757
735-1373
735-1076
736-1572
736-322
737-1120
738-1400
739-750
740-1048
740-1025
741-50
741-1423
742-837
743-1581
743-897
743-1297
744-1260
745-436
746-1296
746-1954
746-168
747-1554
748-1511
749-1505
749-983
749-1237
749-199
750-200
751-475
752-594
753-1852
753-388
754-1545
755-266
755-1536
756-837
757-1885
757-1113
757-693
758-1359
759-1305
759-501
760-681
760-1900
761-1454
762-1077
762-1848
763-986
764-317
765-66
765-1808
765-1632
766-588
766-385
767-452
768-953
769-923
770-596
770-1968
771-1048
772-1657
772-1430
773-1701
774-845
775-1222
776-678
777-807
778-979
779-693
779-372
780-1465
781-192
782-1165
783-1430
784-198
784-1579
785-1164
785-472
786-304
787-1611
787-1547
788-472
788-1044
788-1062
789-769
789-1969
789-1583
789-439
789-1442
789-1060
789-145
790-1343
791-1789
792-87
793-825
793-1189
794-401
795-1172
796-662
797-1268
797-1800
798-1249
798-1816
799-1438
799-1576
799-60
800-1707
801-251
802-1205
802-1295
803-1001
804-896
804-440
805-1290
805-1718
806-1047
807-220
807-1676
808-381
809-1785
809-466
809-1077
809-961
809-1002
810-1678
810-1917
811-1954
811-870
812-998
812-112
812-1416
813-306
813-654
814-540
814-1464
815-1573
815-389
816-918
816-1251
816-623
817-161
817-201
817-532
817-580
817-1674
817-128
818-995
818-1191
818-491
818-1321
819-1012
820-70
821-22
821-67
821-525
822-274
823-969
824-1637
824-1235
825-406
826-1578
827-1410
827-1600
828-1477
828-1178
829-1440
830-1640
830-1693
830-1569
830-1290
830-1976
831-1217
832-1910
832-1205
832-484
833-1278
833-1423
833-1156
833-1810
834-1101
835-1956
835-917
835-1801
835-1885
835-1652
835-278
835-663
836-1833
837-1376
837-1236
838-1261
838-857
838-348
839-183
839-287
840-128
840-704
841-676
841-519
842-900
843-1872
844-1379
844-729
844-746
845-292
846-269
846-966
846-1175
847-1707
848-542
849-1086
850-910
850-443
850-1279
850-135
850-930
851-1976
852-1341
853-767
853-709
854-749
855-1211
856-240
857-501
858-1089
858-1480
859-442
859-1418
860-697
861-1064
861-22
861-1627
861-1918
861-132
862-1751
862-400
862-467
863-1150
863-11
864-348
864-1809
864-1219
864-1765
864-848
865-1422
865-1564
865-351
866-401
866-524
867-1806
867-1633
868-1383
869-595
869-1051
870-1153
870-1527
870-921
871-319
871-344
872-505
873-822
874-1103
874-754
874-679
874-1624
874-588
875-558
875-647
876-1934
876-466
876-314
876-921
876-1983
877-1829
878-239
878-754
878-1177
879-472
879-1745
880-1979
881-199
882-402
882-976
882-1642
882-208
883-1903
884-20
884-13
884-462
884-1353
885-1445
886-921
886-20
887-1556
887-156
888-204
888-1508
888-1981
888-713
889-842
889-1058
889-1945
890-42
890-1842
891-27
892-1696
893-571
894-1610
894-654
895-870
895-1542
896-1322
896-649
896-1099
896-155
897-1817
897-300
897-1673
898-945
898-1756
899-1445
899-1156
899-1950
899-1962
900-1369
900-0
900-242
900-1804
900-319
900-638
901-1463
901-564
902-1267
902-21
903-520
903-815
903-1128
903-138
904-116
905-455
905-627
906-1000
907-1880
908-588
908-1327
909-651
910-1500
910-116
911-1298
912-398
912-950
912-990
912-35
912-804
913-574
914-1116
914-794
914-1949
915-1395
916-1189
916-1800
917-1245
918-1967
918-879
919-751
920-1550
921-1923
922-1768
923-679
923-860
923-1324
924-691
924-1653
925-181
926-669
926-1527
926-189
926-1355
927-667
928-299
928-1453
928-512
928-1562
928-263
928-553
929-23
929-915
930-1960
930-1182
931-875
932-166
933-1775
934-1468
935-372
935-77
935-1569
935-1504
935-979
936-1188
937-981
938-967
939-1629
940-1403
940-1305
941-1156
942-1150
942-602
943-1424
943-194
944-1166
944-145
945-586
945-707
945-1147
946-191
946-1758
947-396
948-351
949-1652
950-1688
951-753
951-1812
951-961
951-936
951-1414
952-461
953-1426
953-1219
954-458
954-633
955-1848
955-1437
956-290
956-297
957-604
958-775
958-849
958-372
959-487
959-1541
959-367
959-124
960-1497
960-113
960-427
960-1903
961-604
961-1008
962-1779
963-1693
963-346
964-235
964-1056
965-585
965-1380
966-164
966-785
966-955
967-934
967-1309
968-1576
969-1334
969-1146
970-1715
971-1939
971-870
971-1418
971-925
972-1270
973-449
973-1552
973-859
974-1857
975-521
976-1572
977-1280
977-945
977-185
978-645
979-1116
979-333
979-281
980-469
980-1645
980-1578
981-626
982-188
983-1273
983-1801
984-1017
984-1310
985-1659
985-775
986-1544
987-736
988-785
988-1293
988-1672
988-302
988-1407
989-713
989-1556
990-83
991-223
992-1033
993-527
994-651
995-1064
996-1692
996-1714
996-72
997-747
998-1601
998-649
998-733
998-330
998-1636
999-848
1000-90
1000-733
1001-579
1002-76
1003-1173
1004-963
1005-625
1005-813
1006-1243
1007-724
1008-656
1009-828
1009-104
1009-25
1010-1750
1010-180
1010-865
1011-1762
1012-1558
1013-1577
1014-370
1014-299
1014-757
1014-1232
1014-130
1015-498
1015-287
1016-1196
1016-917
1016-706
1017-889
1017-1893
1017-815
1017-1898
1018-463
1019-1451
1019-1960
1019-39
1020-1730
1020-1245
1021-137
1022-821
1023-132
1023-667
1024-1155
1024-1620
1025-33
1026-1121
1027-1015
1028-204
1029-557
1030-241
1031-1108
1032-1136
1032-1356
1032-1344
1032-197
1032-1451
1033-1042
1034-988
1034-78
1035-1942
1036-76
1037-1081
1038-1332
1038-1901
1039-1012
1040-283
1040-106
1040-31
1041-85
1041-881
1042-305
1043-595
1044-1475
1044-1415
1045-962
1046-955
1047-1344
1048-801
1048-456
1049-1207
1049-1407
1049-1989
1050-577
1050-1551
1051-476
1051-401
1052-319
1052-105
1053-748
1054-1678
1054-299
1055-1659
1055-1740
1055-173
1056-1170
1057-1351
1058-220
1058-1120
1059-1542
1060-577
1061-1899
1062-504
1063-1055
1063-826
1063-935
1063-326
1063-682
1064-189
1065-875
1065-1987
1065-217
1065-860
1065-773
1065-1220
1066-1721
1066-1971
1066-686
1066-1649
1066-1385
1066-1093
1066-1681
1067-1879
1068-1354
1068-865
1069-1679
1069-542
1069-535
1069-19
1070-1120
1070-1460
1071-1538
1071-169
1071-1110
1072-1423
1072-909
1073-1984
1073-314
1074-1882
1074-358
1074-670
1075-261
1076-1543
1076-4
1076-73
1077-1130
1078-1774
1078-1519
1078-402
1078-108
1079-1775
1079-1603
1079-981
1079-3
1080-1354
1080-1742
1081-88
1081-1323
1082-712
1082-144
1082-1135
1082-647
1082-104
1082-1318
1083-353
1084-1211
1085-1484
1086-1776
1086-1962
1087-1912
1088-398
1088-107
1089-1117
1089-1259
1089-475
1090-957
1090-848
1091-119
1091-1115
1092-511
1092-1460
1092-1573
1092-1100
1092-57
1092-1984
1093-1304
1093-711
1094-1913
1094-484
1094-970
1095-1015
1095-1977
1095-1975
1096-1993
1097-556
1098-653
1098-1168
1099-593
1100-1967
1100-1860
1100-129
1101-648
1101-1252
1102-1441
1103-171
1104-684
1105-1506
1105-1437
1105-761
1105-1907
1106-1096
1107-1857
1107-1986
1107-294
1108-350
1108-1436
1109-1845
1110-814
1111-1015
1111-1031
1111-1791
1111-1165
1112-6
1113-336
1113-770
1113-1149
1113-470
1113-1469
1114-759
1115-684
1115-443
1115-758
1115-987
1116-909
1116-171
1116-1552
1116-1823
1116-142
1116-1854
1117-1880
1117-1193
1117-1804
1118-1965
1119-1994
1120-1738
1121-579
1122-1842
1122-1051
1122-287
1122-1946
1122-276
1122-310
1123-993
1124-1988
1125-262
1126-1213
1127-237
1128-514
1129-1828
1129-499
1130-1105
1131-664
1132-197
1132-829
1133-1432
1133-354
1133-18
1133-1094
1133-321
1134-1029
1135-812
1135-1193
1135-1301
1135-311
1136-865
1137-1147
1138-643
1139-1643
1139-823
1140-764
1141-913
1142-592
1143-1121
1144-221
1144-1365
1145-170
1146-1056
1146-1254
1146-1849
1147-1619
1147-945
1147-1193
1147-1460
1148-938
1148-622
1149-1231
1149-1520
1150-1878
1151-132
1152-331
1153-581
1154-770
1155-302
1156-784
1156-1467
1157-247
1158-310
1158-1327
1158-244
1158-439
1158-1290
1159-765
1160-1410
1160-878
1160-957
1161-1681
1161-443
1162-671
1162-156
1163-1817
1164-1094
1165-1400
1165-1308
1165-1914
1165-634
1166-816
1167-1794
1168-1306
1168-178
1168-1391
1169-1651
1169-1668
1169-1040
1169-1736
1170-1226
1171-1929
1171-1417
1171-1404
1171-1804
1171-1953
1171-702
1171-531
1172-146
1172-556
1173-1863
1173-87
1173-578
1174-1945
1174-1047
1175-32
1175-1705
1175-1624
1176-1162
1176-1970
1177-1611
1177-1401
1178-480
1179-830
1180-574
1180-1437
1180-326
1181-116
1181-1465
1181-22
1181-1771
1181-188
1182-1057
1182-117
1183-238
1183-173
1184-1888
1184-1229
1185-348
1186-626
1187-1580
1187-991
1188-1810
1188-78
1189-1295
1189-1639
1190-635
1191-1407
1191-958
1191-1655
1191-1364
1192-1915
1192-1236
1192-1314
1192-39
1193-1548
1194-1564
1195-1189
1196-1014
1196-763
1197-212
1197-1670
1198-552
1198-541
1198-875
1198-1153
1199-68
1199-1536
1199-238
1200-974
1201-574
1201-1548
1202-1068
1203-406
1203-260
1203-1760
1204-1410
1205-928
1206-1689
1207-1612
1208-879
1208-1454
1209-1586
1210-545
1210-35
1211-1536
1211-601
1212-1801
1212-1937
1213-1661
1214-1101
1214-894
1215-1752
1216-1908
1216-50
1216-1767
1217-1183
1218-1728
1218-812
1219-1689
1219-616
1219-1266
1219-1538
1219-1505
1219-1752
1220-348
1221-872
1222-773
1223-450
1224-1658
1225-368
1226-137
1226-487
1227-1055
1227-1709
1228-1440
1228-987
1228-1070
1228-1266
1229-1569
1229-1854
1230-1534
1231-1929
1232-1650
1233-1932
1234-1484
1235-1457
1236-1708
1236-1361
1237-263
1237-1857
1238-1352
1239-279
1239-732
1239-63
1239-148
1240-964
1241-1242
1242-1629
1243-1837
1244-1357
1245-209
1245-1913
1245-446
1245-954
1246-822
1247-997
1247-1801
1247-1231
1247-1367
1248-1176
1248-1063
1248-811
1248-1522
1249-1408
1250-1734
1250-62
1251-474
1251-393
1251-1659
1251-608
1252-1421
1252-1660
1252-292
1253-1716
1253-1258
1254-1438
1255-1708
1256-139
1256-1082
1257-1213
1257-734
1258-237
1259-1686
1259-1754
1260-120
1261-1337
1262-1205
1262-1273
1263-1289
1263-1317
1264-1740
1265-1610
1266-1092
1266-283
1266-162
1266-1615
1267-886
1267-641
1267-541
1267-1014
1268-1127
1268-534
1269-752
1270-1479
1271-1227
1272-11
1272-337
1273-1677
1274-1440
1275-445
1276-539
1276-178
1276-1421
1277-1057
1278-445
1279-39
1280-285
1280-274
1281-952
1281-1080
1282-1788
1282-912
1282-1114
1283-1932
1284-1734
1285-929
1286-1615
1286-548
1286-654
1287-569
1288-343
1288-473
1288-1557
1289-1184
1290-85
1291-71
1292-1403
1292-1715
1292-162
1292-1701
1293-1660
1293-873
1293-1262
1293-1204
1294-1865
1294-687
1294-1378
1294-388
1295-897
1296-956
1296-1065
1297-1930
1297-651
1298-1142
1298-1632
1298-123
1299-1661
1299-1500
1299-1710
1299-40
1300-33
1300-1195
1300-1944
1301-873
1302-962
1303-1219
1304-1678
1304-880
1304-1253
1304-1631
1305-0
1305-1859
1306-1659
1306-1839
1307-1943
1308-1440
1308-569
1309-1113
1310-148
1310-164
1310-370
1310-1896
1310-1389
1311-1662
1312-1773
1312-1475
1312-315
1313-536
1314-1406
1315-1592
1316-1533
1317-1643
1317-509
1318-1632
1319-791
1319-1614
1320-966
1320-657
1320-152
1320-1374
1320-1041
1321-1820
1321-781
1322-1028
1323-1296
1324-1041
1325-1200
1325-1293
1325-314
1325-95
1326-1611
1326-1395
1327-58
1328-1688
1328-1348
1329-664
1329-1266
1329-282
1330-1895
1331-175
1331-1300
1332-1193
1333-1500
1334-1694
1334-721
1334-709
1334-1378
1335-817
1335-338
1335-1984
1336-1050
1336-1718
1337-1533
1338-30
1339-106
1339-329
1340-352
1341-1619
1342-1601
1342-747
1343-525
1344-1697
1344-988
1345-1483
1345-124
1346-1459
1346-1648
1346-344
1347-476
1348-1010
1348-108
1348-1964
1348-1938
1349-183
1350-1772
1351-318
1352-639
1352-458
1352-1786
1353-627
1354-910
1354-884
1354-1557
1354-538
1355-1747
1356-951
1357-1754
1357-238
1357-519
1358-1609
1358-1768
1359-82
1359-1714
1359-1697
1360-1115
1360-437
1360-1411
1360-732
1360-611
1361-421
1361-1722
1361-230
1361-136
1361-1011
1361-620
1361-1536
1362-1618
1362-467
1362-928
1362-201
1362-1645
1362-591
1362-199
1363-1257
1364-454
1364-1042
1364-1240
1364-1518
1365-262
1365-831
1366-739
1367-1660
1368-1448
1369-623
1370-260
1370-962
1370-1814
1371-67
1371-1667
1371-1267
1372-1783
1372-877
1373-19
1374-1182
1374-1834
1374-503
1375-90
1375-1797
1376-1220
1376-301
1377-609
1377-1374
1377-502
1378-736
1378-401
1379-1019
1380-1469
1381-1814
1381-1621
1382-1427
1382-57
1383-1686
1384-1370
1385-1762
1385-960
1385-320
1385-921
1385-813
1385-485
1386-310
1387-996
1388-1384
1389-852
1390-1004
1391-1762
1391-133
1392-1584
1393-1175
1393-1070
1393-1687
1393-893
1394-161
1394-1618
1394-1807
1395-1781
1396-1257
1396-1474
1397-848
1397-921
1397-373
1398-640
1398-1232
1399-522
1399-399
1400-1042
1401-453
1401-280
1402-1307
1402-531
1402-1481
1403-278
1403-681
1404-489
1404-1796
1404-1006
1404-838
1405-1696
1405-1394
1405-1736
1405-1148
1406-1890
1407-1378
1407-1807
1407-879
1407-36
1407-1036
1408-1325
1409-762
1409-564
1409-1922
1410-1232
1410-781
1410-1872
1410-838
1410-1415
1411-1707
1412-1343
1413-367
1414-860
1414-489
1414-1770
1415-1897
1416-1896
1417-1503
1417-1095
1418-834
1419-1846
1420-275
1421-66
1422-1050
1423-894
1424-762
1425-734
1426-961
1427-915
1428-1793
1429-1279
1429-13
1429-1213
1430-489
1431-1386
1432-1284
1433-1205
1433-423
1433-204
1434-552
1434-136
1434-1976
1434-1183
1435-124
1436-901
1437-977
1438-168
1438-1333
1439-56
1439-565
1440-422
1440-1289
1441-1138
1441-1325
1441-772
1442-795
1442-1554
1443-322
1443-1334
1443-365
1443-962
1444-579
1445-1362
1445-704
1446-1833
1446-1280
1446-1614
1447-106
1448-1961
1449-947
1449-1154
1450-1528
1451-1043
1452-846
1452-519
1453-1039
1454-1293
1454-1223
1454-894
1455-1530
1455-232
1456-1343
1457-733
1458-1114
1458-1835
1458-1949
1458-1271
1458-1090
1459-110
1460-283
1461-1104
1461-742
1461-1992
1462-890
1462-219
1463-1031
1464-1546
1465-384
1466-423
1466-265
1466-1747
1466-297
1466-1822
1467-783
1467-919
1467-587
1467-1914
1468-1901
1468-187
1468-902
1469-1594
1469-647
1469-783
1470-1212
1470-1681
1470-1405
1470-1848
1470-693
1471-1522
1471-717
1471-1952
1472-929
1473-55
1474-1058
1475-696
1475-1263
1475-1624
1476-156
1477-1233
1478-37
1478-1216
1479-683
1480-394
1480-1552
1481-26
1482-1100
1483-1064
1484-1234
1484-861
1484-1027
1484-553
1484-1455
1485-1619
1485-1954
1486-352
1487-383
1487-1838
1487-1292
1487-1224
1487-1213
1488-1900
1488-401
1489-1426
1490-1489
1490-939
1491-1329
1491-19
1491-1730
1491-1138
1491-1556
1492-921
1493-798
1494-999
1494-1330
1495-1058
1495-1585
1495-1000
1495-1812
1495-1471
1495-1308
1495-1980
1496-170
1497-69
1498-1502
1499-1907
1499-464
1500-209
1501-63
1502-115
1502-1972
1502-411
1502-1169
1503-122
1504-288
1504-1819
1504-1913
1505-221
1506-899
1506-1522
1506-1573
1507-1176
1507-1816
1507-132
1507-1050
1507-1162
1507-1831
1508-1546
1509-395
1509-308
1510-473
1510-1727
1511-1958
1512-1782
1512-1444
1512-544
1513-663
1514-1760
1515-201
1515-6
1516-1741
1517-664
1518-162
1519-793
1519-468
1520-228
1521-1026
1522-836
1522-375
1523-339
1524-374
1525-563
1526-660
1526-1446
1526-1230
1526-363
1527-1855
1527-1967
1527-1573
1528-103
1529-638
1529-1081
1530-1144
1531-241
1531-142
1531-1740
1532-459
1533-1334
1533-1420
1533-1595
1534-1608
1534-111
1534-1176
1534-276
1535-2
1536-1218
1537-1066
1538-1709
1538-799
1539-567
1539-1085
1540-848
1540-1065
1540-1073
1540-1293
1540-1696
1541-1746
1542-1681
1542-870
1543-1926
1544-87
1545-1237
1545-1893
1546-704
1546-1853
1546-983
1547-1201
1547-1103
1547-1920
1547-292
1547-1405
1548-1399
1548-578
1548-539
1548-157
1548-1394
1548-1447
1549-910
1550-1636
1551-213
1552-1406
1552-1719
1553-1105
1554-1812
1554-1776
1555-1964
1555-633
1555-1789
1556-1903
1556-414
1557-521
1558-1956
1558-1110
1558-961
1558-1364
1559-962
1559-1808
1560-1790
1561-923
1562-1612
1563-1029
1564-1971
1565-78
1566-1112
1566-1594
1567-375
1568-38
1568-210
1568-1612
1569-852
1569-1913
1570-396
1571-149
1571-1546
1571-782
1571-256
1571-1993
1572-745
1572-100
1573-47
1573-1192
1573-431
1574-45
1575-1202
1576-1568
1576-942
1577-1589
1577-861
1578-432
1578-742
1578-851
1579-1098
1580-1869
1580-331
1580-1090
1581-32
1582-1805
1583-228
1584-974
1584-1549
1584-1923
1585-1801
1585-1299
1586-800
1586-1299
1587-1721
1588-1146
1588-39
1589-1253
1589-1683
1590-1681
1591-757
1591-1454
1591-632
1591-1528
1592-1328
1592-410
1593-1558
1593-388
1593-178
1593-1613
1593-1454
1593-711
1594-1346
1594-1853
1594-1624
1595-1967
1596-1075
1597-1426
1597-1893
1597-429
1597-1637
1598-442
1599-141
1599-1311
1599-698
1599-573
1599-1375
1599-1782
1600-1403
1601-1069
1602-560
1603-1007
1603-1467
1603-238
1603-577
1603-1436
1604-640
1604-493
1605-857
1605-1086
1606-1198
1607-315
1608-1125
1608-577
1609-17
1610-1478
1610-880
1611-1155
1612-1657
1612-1039
1612-1120
1612-1528
1612-107
1612-916
1613-574
1613-247
1613-187
1613-1648
1613-306
1614-1693
1615-1027
1615-1336
1616-971
1617-512
1618-1117
1618-59
1619-1349
1619-220
1619-1839
1619-30
1620-1921
1621-1644
1622-783
1622-579
1623-1021
1623-1758
1624-659
1625-1828
1626-1724
1627-490
1628-1730
1629-207
1629-495
1629-1754
1630-742
1631-754
1632-10
1633-1131
1633-1672
1633-6
1634-862
1635-131
1636-798
1637-336
1638-1973
1639-403
1639-1603
1640-530
1640-958
1640-29
1641-1846
1642-733
1642-282
1643-432
1644-1577
1644-1327
1644-104
1644-1121
1644-1492
1645-1981
1645-744
1646-1123
1647-1037
1648-469
1649-1098
1649-580
1650-1534
1651-1243
1652-745
1653-1453
1654-240
1655-1963
1656-71
1656-1150
1657-244
1657-672
1657-1727
1657-258
1658-1605
1658-768
1659-1193
1659-1756
1659-342
1659-97
1660-461
1661-444
1662-333
1662-1282
1663-1682
1664-1149
1664-1898
1665-640
1665-564
1665-1831
1666-977
1667-449
1667-1283
1668-1258
1669-795
1670-1502
1670-35
1670-680
1671-1750
1672-1668
1672-225
1673-784
1674-1172
1674-975
1674-731
1675-838
1676-1171
1676-449
1676-1727
1676-1269
1676-1099
1677-159
1677-1424
1678-1338
1678-493
1678-1217
1679-1786
1680-1867
1680-1134
1680-567
1680-1365
1681-520
1681-1526
1681-744
1682-334
1682-218
1683-506
1684-37
1685-1048
1686-1581
1687-245
1688-249
1689-628
1690-1317
1690-1386
1691-498
1692-586
1692-660
1692-279
1692-931
1692-201
1692-431
1693-1915
1694-295
1695-166
1696-289
1696-1568
1696-560
1697-1432
1698-956
1699-694
1700-704
1701-271
1701-515
1701-1780
1701-1132
1702-1411
1703-1741
1703-516
1703-662
1703-291
1703-380
1704-1665
1704-920
1705-1362
1706-1758
1706-1126
1707-1713
1707-1114
1707-1071
1708-670
1708-29
1709-1161
1710-1032
1711-521
1712-58
1713-427
1713-1588
1713-103
1713-779
1714-766
1714-427
1715-1888
1715-275
1715-610
1716-1648
1717-811
1717-1873
1718-894
1718-1331
1719-1876
1720-537
1721-1201
1721-897
1721-199
1722-986
1723-65
1723-886
1724-1771
1724-1378
1724-1245
1725-740
1726-521
1726-748
1727-648
1728-1348
1729-9
1729-1780
1730-716
1731-1755
1731-825
1732-1375
1733-1727
1733-917
1733-829
1734-1628
1734-776
1735-871
1736-1595
1737-1867
1737-1003
1738-1910
1738-797
1738-1627
1739-871
1740-146
1740-1687
1741-1095
1742-156
1742-1612
1742-569
1742-1208
1742-1370
1742-1778
1742-707
1742-709
1742-1062
1742-21
1743-30
1744-606
1744-1927
1745-844
1745-303
1745-684
1746-1494
1747-569
1748-1993
1748-800
1748-93
1749-1592
1749-44
1749-594
1750-1678
1751-536
1751-948
1752-116
1753-417
1753-733
1753-1954
1753-1450
1753-1422
1754-36
1755-270
1756-1380
1756-440
1756-1151
1757-1807
1757-1034
1757-570
1757-912
1757-1005
1757-1644
1758-1406
1758-1286
1758-867
1759-241
1759-346
1759-1308
1760-1238
1760-574
1760-1329
1760-1575
1761-833
1761-821
1762-1150
1763-337
1763-1994
1764-1084
1765-1731
1766-1226
1767-893
1768-523
1768-848
1768-1487
1769-1355
1769-1113
1770-528
1771-1914
1772-1025
1773-1895
1773-642
1774-1223
1775-342
1775-1268
1775-1353
1776-1034
1776-1090
1777-1389
1777-563
1777-126
1777-1238
1777-1641
1777-355
1777-1439
1777-1105
1777-1011
1778-530
1779-1247
1780-826
1780-988
1781-1458
1782-1274
1782-396
1782-1115
1782-1591
1782-544
1782-1764
1782-1941
1783-1052
1784-170
1784-577
1784-822
1785-978
1785-1190
1785-1506
1785-949
1785-105
1786-1899
1787-1438
1787-339
1787-416
1788-1963
1789-1671
1790-1330
1790-808
1791-173
1792-1534
1793-1659
1793-27
1794-1162
1794-1319
1794-1014
1794-1642
1795-1587
1795-1970
1796-860
1797-217
1797-1380
1798-101
1799-309
1800-1005
1801-558
1801-1038
1801-1754
1802-1443
1803-1178
1803-1878
1803-362
1803-86
1803-442
1803-1749
1803-298
1804-780
1804-1255
1804-1423
1805-1697
1806-1981
1807-370
1808-1956
1809-691
1810-1899
1811-1672
1812-1817
1812-1063
1812-219
1813-1371
1813-846
1813-1211
1813-1071
1813-733
1813-1908
1813-464
1814-308
1815-1129
1816-585
1817-1643
1818-136
1818-729
1818-380
1819-195
1820-684
1820-761
1821-321
1822-321
1822-62
1822-996
1822-544
1823-1075
1824-934
1825-301
1825-1393
1826-1472
1827-877
1828-395
1828-651
1828-1025
1829-1742
1829-1937
1830-1628
1831-1874
1831-474
1831-817
1832-577
1833-684
1834-989
1834-1126
1835-652
1835-311
1836-446
1837-1791
1838-749
1838-774
1838-1859
1838-602
1839-144
1840-372
1840-529
1841-743
1842-199
1843-315
1844-659
1845-1313
1845-592
1846-720
1847-1708
1848-1968
1848-827
1849-558
1850-1016
1851-88
1852-632
1853-1335
1854-1692
1855-435
1855-940
1855-331
1855-776
1855-1815
1855-663
1856-23
1856-864
1856-957
1857-170
1858-792
1858-247
1858-1878
1858-667
1858-1731
1859-1525
1860-1598
1861-561
1861-596
1862-1299
1863-252
1863-1549
1863-1656
1863-225
1863-57
1863-469
1864-871
1865-1633
1866-1541
1866-702
1867-1569
1867-936
1868-1096
1868-1693
1868-79
1869-1275
1870-270
1870-1703
1871-1355
1872-286
1873-685
1874-708
1874-359
1874-459
1874-1638
1875-839
1875-341
1875-1077
1875-1038
1875-1753
1876-825
1876-600
1877-1969
1878-52
1879-768
1879-255
1879-580
1880-1084
1881-1566
1881-289
1882-330
1883-1285
1883-202
1883-1738
1884-1458
1885-570
1885-1068
1885-1489
1885-1122
1885-1890
1885-1358
1886-137
1886-1348
1887-735
1887-551
1888-927
1888-1995
1889-903
1890-359
1891-1582
1892-1214
1893-1036
1893-1582
1894-1274
1895-1058
1895-660
1895-323
1896-28
1897-1454
1897-411
1898-1935
1899-9
1900-993
1900-388
1901-944
1902-929
1903-1122
1904-283
1904-1949
1904-599
1905-413
1906-1093
1907-964
1907-180
1907-343
1908-1007
1909-1049
1909-205
1909-294
1909-10
1909-1012
1910-1873
1910-887
1911-1279
1911-1105
1911-44
1912-309
1913-1137
1913-1297
1914-541
1914-214
1915-1287
1916-606
1916-1674
1917-708
1918-710
1918-1456
1919-1166
1919-1571
1919-134
1920-1362
1921-27
1922-755
1922-619
1923-1197
1924-779
1925-668
1925-106
1926-730
1926-1077
1927-140
1927-1079
1927-833
1927-587
1928-1001
1928-651
1929-1712
1930-1002
1930-185
1931-1332
1931-1981
1932-1572
1932-1357
1932-1969
1932-1974
1933-284
1934-1466
1935-1950
1936-154
1936-108
1937-1627
1938-933
1939-318
1939-1472
1940-943
1941-1995
1941-1706
1941-1410
1941-1633
1942-1551
1942-1289
1943-860
1944-205
1944-473
1945-850
1945-1875
1946-1130
1947-698
1948-1151
1948-1539
1949-650
1950-1447
1950-1418
1950-1537
1951-346
1951-220
1952-818
1953-374
1954-911
1954-751
1955-906
1955-1303
1955-611
1956-310
1957-267
1957-1545
1957-490
1957-178
1958-549
1959-281
1959-1822
1960-566
1961-1766
1961-52
1962-66
1962-1065
1962-1679
1962-549
1963-1455
1963-902
1963-1479
1963-840
1964-658
1965-801
1966-1985
1967-9
1967-909
1967-1341
1968-218
1968-590
1969-1288
1969-1889
1970-32
1971-1245
1971-1906
1972-538
1972-133
1973-1391
1973-1549
1974-1634
1974-1282
1975-1474
1976-1690
1976-418
1976-1069
1976-802
1976-161
1977-711
1977-360
1978-1980
1978-955
1978-1964
1978-425
1979-1129
1979-169
1979-281
1980-636
1981-1925
1982-1034
1982-1555
1982-110
1983-475
1983-1652
1984-1475
1984-873
1985-1963
1985-1866
1985-1495
1985-1341
1986-1143
1986-1942
1986-1708
1986-1570
1986-1305
1986-1584
1986-514
1987-45
1987-980
1988-744
1989-762
1990-115
1990-713
1991-987
1991-1690
1992-138
1993-1011
1993-285
1994-441
1994-549
1995-891
1995-1383
1996-36
1996-1814
1997-1433
1998-900
1998-1285
1999-1001
start-1484
end-1917
end-1
end-1485
end-1999
end-1996