100
##start
start 0 1
##end
end 1 0
0 0 0
1 1 1
2 2 2
3 3 3
4 4 4
5 5 5
6 6 6
7 7 7
8 8 8
9 9 9
10 10 10
11 11 11
12 12 12
13 13 13
14 14 14
15 15 15
16 16 16
17 17 17
18 18 18
19 19 19
20 20 20
21 21 21
22 22 22
23 23 23
24 24 24
25 25 25
26 26 26
27 27 27
28 28 28
29 29 29
30 30 30
31 31 31
32 32 32
33 33 33
34 34 34
35 35 35
36 36 36
37 37 37
38 38 38
39 39 39
40 40 40
41 41 41
42 42 42
43 43 43
44 44 44
45 45 45
46 46 46
47 47 47
48 48 48
49 49 49
50 50 50
51 51 51
52 52 52
53 53 53
54 54 54
55 55 55
56 56 56
57 57 57
58 58 58
59 59 59
60 60 60
61 61 61
62 62 62
63 63 63
64 64 64
65 65 65
66 66 66
67 67 67
68 68 68
69 69 69
70 70 70
71 71 71
72 72 72
73 73 73
74 74 74
75 75 75
76 76 76
77 77 77
78 78 78
79 79 79
80 80 80
81 81 81
82 82 82
83 83 83
84 84 84
85 85 85
86 86 86
87 87 87
88 88 88
89 89 89
90 90 90
91 91 91
92 92 92
93 93 93
94 94 94
95 95 95
96 96 96
97 97 97
98 98 98
99 99 99
100 100 100
101 101 101
102 102 102
103 103 103
104 104 104
105 105 105
106 106 106
107 107 107
108 108 108
109 109 109
110 110 110
111 111 111
112 112 112
113 113 113
114 114 114
115 115 115
116 116 116
117 117 117
118 118 118
119 119 119
120 120 120
121 121 121
122 122 122
123 123 123
124 124 124
125 125 125
126 126 126
127 127 127
128 128 128
129 129 129
130 130 130
131 131 131
132 132 132
133 133 133
134 134 134
135 135 135
136 136 136
137 137 137
138 138 138
139 139 139
140 140 140
141 141 141
142 142 142
143 143 143
144 144 144
145 145 145
146 146 146
147 147 147
148 148 148
149 149 149
150 150 150
151 151 151
152 152 152
153 153 153
154 154 154
155 155 155
156 156 156
157 157 157
158 158 158
159 159 159
160 160 160
161 161 161
162 162 162
163 163 163
164 164 164
165 165 165
166 166 166
167 167 167
168 168 168
169 169 169
170 170 170
171 171 171
172 172 172
173 173 173
174 174 174
175 175 175
176 176 176
177 177 177
178 178 178
179 179 179
180 180 180
181 181 181
182 182 182
183 183 183
184 184 184
185 185 185
186 186 186
187 187 187
188 188 188
189 189 189
190 190 190
191 191 191
192 192 192
193 193 193
194 194 194
195 195 195
196 196 196
197 197 197
198 198 198
199 199 199
200 200 200
201 201 201
202 202 202
203 203 203
204 204 204
205 205 205
206 206 206
207 207 207
208 208 208
209 209 209
210 210 210
211 211 211
212 212 212
213 213 213
214 214 214
215 215 215
216 216 216
217 217 217
218 218 218
219 219 219
220 220 220
221 221 221
222 222 222
223 223 223
224 224 224
225 225 225
226 226 226
227 227 227
228 228 228
229 229 229
230 230 230
231 231 231
232 232 232
233 233 233
234 234 234
235 235 235
236 236 236
237 237 237
238 238 238
239 239 239
240 240 240
241 241 241
242 242 242
243 243 243
244 244 244
245 245 245
246 246 246
247 247 247
248 248 248
249 249 249
250 250 250
251 251 251
252 252 252
253 253 253
254 254 254
255 255 255
256 256 256
257 257 257
258 258 258
259 259 259
260 260 260
261 261 261
262 262 262
263 263 263
264 264 264
265 265 265
266 266 266
267 267 267
268 268 268
269 269 269
270 270 270
271 271 271
272 272 272
273 273 273
274 274 274
275 275 275
276 276 276
277 277 277
278 278 278
279 279 279
280 280 280
281 281 281
282 282 282
283 283 283
284 284 284
285 285 285
286 286 286
287 287 287
288 288 288
289 289 289
290 290 290
291 291 291
292 292 292
293 293 293
294 294 294
295 295 295
296 296 296
297 297 297
298 298 298
299 299 299
300 300 300
301 301 301
302 302 302
303 303 303
304 304 304
305 305 305
306 306 306
307 307 307
308 308 308
309 309 309
310 310 310
311 311 311
312 312 312
313 313 313
314 314 314
315 315 315
316 316 316
317 317 317
318 318 318
319 319 319
320 320 320
321 321 321
322 322 322
323 323 323
324 324 324
325 325 325
326 326 326
327 327 327
328 328 328
329 329 329
330 330 330
331 331 331
332 332 332
333 333 333
334 334 334
335 335 335
336 336 336
337 337 337
338 338 338
339 339 339
340 340 340
341 341 341
342 342 342
343 343 343
344 344 344
345 345 345
346 346 346
347 347 347
348 348 348
349 349 349
350 350 350
351 351 351
352 352 352
353 353 353
354 354 354
355 355 355
356 356 356
357 357 357
358 358 358
359 359 359
360 360 360
361 361 361
362 362 362
363 363 363
364 364 364
365 365 365
366 366 366
367 367 367
368 368 368
369 369 369
370 370 370
371 371 371
372 372 372
373 373 373
374 374 374
375 375 375
376 376 376
377 377 377
378 378 378
379 379 379
380 380 380
381 381 381
382 382 382
383 383 383
384 384 384
385 385 385
386 386 386
387 387 387
388 388 388
389 389 389
390 390 390
391 391 391
392 392 392
393 393 393
394 394 394
395 395 395
396 396 396
397 397 397
398 398 398
399 399 399
400 400 400
401 401 401
402 402 402
403 403 403
404 404 404
405 405 405
406 406 406
407 407 407
408 408 408
409 409 409
410 410 410
411 411 411
412 412 412
413 413 413
414 414 414
415 415 415
416 416 416
417 417 417
418 418 418
419 419 419
420 420 420
421 421 421
422 422 422
423 423 423
424 424 424
425 425 425
426 426 426
427 427 427
428 428 428
429 429 429
430 430 430
431 431 431
432 432 432
433 433 433
434 434 434
435 435 435
436 436 436
437 437 437
438 438 438
439 439 439
440 440 440
441 441 441
442 442 442
443 443 443
444 444 444
445 445 445
446 446 446
447 447 447
448 448 448
449 449 449
450 450 450
451 451 451
452 452 452
453 453 453
454 454 454
455 455 455
456 456 456
457 457 457
458 458 458
459 459 459
460 460 460
461 461 461
462 462 462
463 463 463
464 464 464
465 465 465
466 466 466
467 467 467
468 468 468
469 469 469
470 470 470
471 471 471
472 472 472
473 473 473
474 474 474
475 475 475
476 476 476
477 477 477
478 478 478
479 479 479
480 480 480
481 481 481
482 482 482
483 483 483
484 484 484
485 485 485
486 486 486
487 487 487
488 488 488
489 489 489
490 490 490
491 491 491
492 492 492
493 493 493
494 494 494
495 495 495
496 496 496
497 497 497
498 498 498
499 499 499
500 500 500
501 501 501
502 502 502
503 503 503
504 504 504
505 505 505
506 506 506
507 507 507
508 508 508
509 509 509
510 510 510
511 511 511
512 512 512
513 513 513
514 514 514
515 515 515
516 516 516
517 517 517
518 518 518
519 519 519
520 520 520
521 521 521
522 522 522
523 523 523
524 524 524
525 525 525
526 526 526
527 527 527
528 528 528
529 529 529
530 530 530
531 531 531
532 532 532
533 533 533
534 534 534
535 535 535
536 536 536
537 537 537
538 538 538
539 539 539
540 540 540
541 541 541
542 542 542
543 543 543
544 544 544
545 545 545
546 546 546
547 547 547
548 548 548
549 549 549
550 550 550
551 551 551
552 552 552
553 553 553
554 554 554
555 555 555
556 556 556
557 557 557
558 558 558
559 559 559
560 560 560
561 561 561
562 562 562
563 563 563
564 564 564
565 565 565
566 566 566
567 567 567
568 568 568
569 569 569
570 570 570
571 571 571
572 572 572
573 573 573
574 574 574
575 575 575
576 576 576
577 577 577
578 578 578
579 579 579
580 580 580
581 581 581
582 582 582
583 583 583
584 584 584
585 585 585
586 586 586
587 587 587
588 588 588
589 589 589
590 590 590
591 591 591
592 592 592
593 593 593
594 594 594
595 595 595
596 596 596
597 597 597
598 598 598
599 599 599
600 600 600
601 601 601
602 602 602
603 603 603
604 604 604
605 605 605
606 606 606
607 607 607
608 608 608
609 609 609
610 610 610
611 611 611
612 612 612
613 613 613
614 614 614
615 615 615
616 616 616
617 617 617
618 618 618
619 619 619
620 620 620
621 621 621
622 622 622
623 623 623
624 624 624
625 625 625
626 626 626
627 627 627
628 628 628
629 629 629
630 630 630
631 631 631
632 632 632
633 633 633
634 634 634
635 635 635
636 636 636
637 637 637
638 638 638
639 639 639
640 640 640
641 641 641
642 642 642
643 643 643
644 644 644
645 645 645
646 646 646
647 647 647
648 648 648
649 649 649
650 650 650
651 651 651
652 652 652
653 653 653
654 654 654
655 655 655
656 656 656
657 657 657
658 658 658
659 659 659
660 660 660
661 661 661
662 662 662
663 663 663
664 664 664
665 665 665
666 666 666
667 667 667
668 668 668
669 669 669
670 670 670
671 671 671
672 672 672
673 673 673
674 674 674
675 675 675
676 676 676
677 677 677
678 678 678
679 679 679
680 680 680
681 681 681
682 682 682
683 683 683
684 684 684
685 685 685
686 686 686
687 687 687
688 688 688
689 689 689
690 690 690
691 691 691
692 692 692
693 693 693
694 694 694
695 695 695
696 696 696
697 697 697
698 698 698
699 699 699
700 700 700
701 701 701
702 702 702
703 703 703
704 704 704
705 705 705
706 706 706
707 707 707
708 708 708
709 709 709
710 710 710
711 711 711
712 712 712
713 713 713
714 714 714
715 715 715
716 716 716
717 717 717
718 718 718
719 719 719
720 720 720
721 721 721
722 722 722
723 723 723
724 724 724
725 725 725
726 726 726
727 727 727
728 728 728
729 729 729
730 730 730
731 731 731
732 732 732
733 733 733
734 734 734
735 735 735
736 736 736
737 737 737
738 738 738
739 739 739
740 740 740
741 741 741
742 742 742
743 743 743
744 744 744
745 745 745
746 746 746
747 747 747
748 748 748
749 749 749
750 750 750
751 751 751
752 752 752
753 753 753
754 754 754
755 755 755
756 756 756
757 757 757
758 758 758
759 759 759
760 760 760
761 761 761
762 762 762
763 763 763
764 764 764
765 765 765
766 766 766
767 767 767
768 768 768
769 769 769
770 770 770
771 771 771
772 772 772
773 773 773
774 774 774
775 775 775
776 776 776
777 777 777
778 778 778
779 779 779
780 780 780
781 781 781
782 782 782
783 783 783
784 784 784
785 785 785
786 786 786
787 787 787
788 788 788
789 789 789
790 790 790
791 791 791
792 792 792
793 793 793
794 794 794
795 795 795
796 796 796
797 797 797
798 798 798
799 799 799
800 800 800
801 801 801
802 802 802
803 803 803
804 804 804
805 805 805
806 806 806
807 807 807
808 808 808
809 809 809
810 810 810
811 811 811
812 812 812
813 813 813
814 814 814
815 815 815
816 816 816
817 817 817
818 818 818
819 819 819
820 820 820
821 821 821
822 822 822
823 823 823
824 824 824
825 825 825
826 826 826
827 827 827
828 828 828
829 829 829
830 830 830
831 831 831
832 832 832
833 833 833
834 834 834
835 835 835
836 836 836
837 837 837
838 838 838
839 839 839
840 840 840
841 841 841
842 842 842
843 843 843
844 844 844
845 845 845
846 846 846
847 847 847
848 848 848
849 849 849
850 850 850
851 851 851
852 852 852
853 853 853
854 854 854
855 855 855
856 856 856
857 857 857
858 858 858
859 859 859
860 860 860
861 861 861
862 862 862
863 863 863
864 864 864
865 865 865
866 866 866
867 867 867
868 868 868
869 869 869
870 870 870
871 871 871
872 872 872
873 873 873
874 874 874
875 875 875
876 876 876
877 877 877
878 878 878
879 879 879
880 880 880
881 881 881
882 882 882
883 883 883
884 884 884
885 885 885
886 886 886
887 887 887
888 888 888
889 889 889
890 890 890
891 891 891
892 892 892
893 893 893
894 894 894
895 895 895
896 896 896
897 897 897
898 898 898
899 899 899
900 900 900
901 901 901
902 902 902
903 903 903
904 904 904
905 905 905
906 906 906
907 907 907
908 908 908
909 909 909
910 910 910
911 911 911
912 912 912
913 913 913
914 914 914
915 915 915
916 916 916
917 917 917
918 918 918
919 919 919
920 920 920
921 921 921
922 922 922
923 923 923
924 924 924
925 925 925
926 926 926
927 927 927
928 928 928
929 929 929
930 930 930
931 931 931
932 932 932
933 933 933
934 934 934
935 935 935
936 936 936
937 937 937
938 938 938
939 939 939
940 940 940
941 941 941
942 942 942
943 943 943
944 944 944
945 945 945
946 946 946
947 947 947
948 948 948
949 949 949
950 950 950
951 951 951
952 952 952
953 953 953
954 954 954
955 955 955
956 956 956
957 957 957
958 958 958
959 959 959
960 960 960
961 961 961
962 962 962
963 963 963
964 964 964
965 965 965
966 966 966
967 967 967
968 968 968
969 969 969
970 970 970
971 971 971
972 972 972
973 973 973
974 974 974
975 975 975
976 976 976
977 977 977
978 978 978
979 979 979
980 980 980
981 981 981
982 982 982
983 983 983
984 984 984
985 985 985
986 986 986
987 987 987
988 988 988
989 989 989
990 990 990
991 991 991
992 992 992
993 993 993
994 994 994
995 995 995
996 996 996
997 997 997
998 998 998
999 999 999
1000 1000 1000
1001 1001 1001
1002 1002 1002
1003 1003 1003
1004 1004 1004
1005 1005 1005
1006 1006 1006
1007 1007 1007
1008 1008 1008
1009 1009 1009
1010 1010 1010
1011 1011 1011
1012 1012 1012
1013 1013 1013
1014 1014 1014
1015 1015 1015
1016 1016 1016
1017 1017 1017
1018 1018 1018
1019 1019 1019
1020 1020 1020
1021 1021 1021
1022 1022 1022
1023 1023 1023
1024 1024 1024
1025 1025 1025
1026 1026 1026
1027 1027 1027
1028 1028 1028
1029 1029 1029
1030 1030 1030
1031 1031 1031
1032 1032 1032
1033 1033 1033
1034 1034 1034
1035 1035 1035
1036 1036 1036
1037 1037 1037
1038 1038 1038
1039 1039 1039
1040 1040 1040
1041 1041 1041
1042 1042 1042
1043 1043 1043
1044 1044 1044
1045 1045 1045
1046 1046 1046
1047 1047 1047
1048 1048 1048
1049 1049 1049
1050 1050 1050
1051 1051 1051
1052 1052 1052
1053 1053 1053
1054 1054 1054
1055 1055 1055
1056 1056 1056
1057 1057 1057
1058 1058 1058
1059 1059 1059
1060 1060 1060
1061 1061 1061
1062 1062 1062
1063 1063 1063
1064 1064 1064
1065 1065 1065
1066 1066 1066
1067 1067 1067
1068 1068 1068
1069 1069 1069
1070 1070 1070
1071 1071 1071
1072 1072 1072
1073 1073 1073
1074 1074 1074
1075 1075 1075
1076 1076 1076
1077 1077 1077
1078 1078 1078
1079 1079 1079
1080 1080 1080
1081 1081 1081
1082 1082 1082
1083 1083 1083
1084 1084 1084
1085 1085 1085
1086 1086 1086
1087 1087 1087
1088 1088 1088
1089 1089 1089
1090 1090 1090
1091 1091 1091
1092 1092 1092
1093 1093 1093
1094 1094 1094
1095 1095 1095
1096 1096 1096
1097 1097 1097
1098 1098 1098
1099 1099 1099
1100 1100 1100
1101 1101 1101
1102 1102 1102
1103 1103 1103
1104 1104 1104
1105 1105 1105
1106 1106 1106
1107 1107 1107
1108 1108 1108
1109 1109 1109
1110 1110 1110
1111 1111 1111
1112 1112 1112
1113 1113 1113
1114 1114 1114
1115 1115 1115
1116 1116 1116
1117 1117 1117
1118 1118 1118
1119 1119 1119
1120 1120 1120
1121 1121 1121
1122 1122 1122
1123 1123 1123
1124 1124 1124
1125 1125 1125
1126 1126 1126
1127 1127 1127
1128 1128 1128
1129 1129 1129
1130 1130 1130
1131 1131 1131
1132 1132 1132
1133 1133 1133
1134 1134 1134
1135 1135 1135
1136 1136 1136
1137 1137 1137
1138 1138 1138
1139 1139 1139
1140 1140 1140
1141 1141 1141
1142 1142 1142
1143 1143 1143
1144 1144 1144
1145 1145 1145
1146 1146 1146
1147 1147 1147
1148 1148 1148
1149 1149 1149
1150 1150 1150
1151 1151 1151
1152 1152 1152
1153 1153 1153
1154 1154 1154
1155 1155 1155
1156 1156 1156
1157 1157 1157
1158 1158 1158
1159 1159 1159
1160 1160 1160
1161 1161 1161
1162 1162 1162
1163 1163 1163
1164 1164 1164
1165 1165 1165
1166 1166 1166
1167 1167 1167
1168 1168 1168
1169 1169 1169
1170 1170 1170
1171 1171 1171
1172 1172 1172
1173 1173 1173
1174 1174 1174
1175 1175 1175
1176 1176 1176
1177 1177 1177
1178 1178 1178
1179 1179 1179
1180 1180 1180
1181 1181 1181
1182 1182 1182
1183 1183 1183
1184 1184 1184
1185 1185 1185
1186 1186 1186
1187 1187 1187
1188 1188 1188
1189 1189 1189
1190 1190 1190
1191 1191 1191
1192 1192 1192
1193 1193 1193
1194 1194 1194
1195 1195 1195
1196 1196 1196
1197 1197 1197
1198 1198 1198
1199 1199 1199
1200 1200 1200
1201 1201 1201
1202 1202 1202
1203 1203 1203
1204 1204 1204
1205 1205 1205
1206 1206 1206
1207 1207 1207
1208 1208 1208
1209 1209 1209
1210 1210 1210
1211 1211 1211
1212 1212 1212
1213 1213 1213
1214 1214 1214
1215 1215 1215
1216 1216 1216
1217 1217 1217
1218 1218 1218
1219 1219 1219
1220 1220 1220
1221 1221 1221
1222 1222 1222
1223 1223 1223
1224 1224 1224
1225 1225 1225
1226 1226 1226
1227 1227 1227
1228 1228 1228
1229 1229 1229
1230 1230 1230
1231 1231 1231
1232 1232 1232
1233 1233 1233
1234 1234 1234
1235 1235 1235
1236 1236 1236
1237 1237 1237
1238 1238 1238
1239 1239 1239
1240 1240 1240
1241 1241 1241
1242 1242 1242
1243 1243 1243
1244 1244 1244
1245 1245 1245
1246 1246 1246
1247 1247 1247
1248 1248 1248
1249 1249 1249
1250 1250 1250
1251 1251 1251
1252 1252 1252
1253 1253 1253
1254 1254 1254
1255 1255 1255
1256 1256 1256
1257 1257 1257
1258 1258 1258
1259 1259 1259
1260 1260 1260
1261 1261 1261
1262 1262 1262
1263 1263 1263
1264 1264 1264
1265 1265 1265
1266 1266 1266
1267 1267 1267
1268 1268 1268
1269 1269 1269
1270 1270 1270
1271 1271 1271
1272 1272 1272
1273 1273 1273
1274 1274 1274
1275 1275 1275
1276 1276 1276
1277 1277 1277
1278 1278 1278
1279 1279 1279
1280 1280 1280
1281 1281 1281
1282 1282 1282
1283 1283 1283
1284 1284 1284
1285 1285 1285
1286 1286 1286
1287 1287 1287
1288 1288 1288
1289 1289 1289
1290 1290 1290
1291 1291 1291
1292 1292 1292
1293 1293 1293
1294 1294 1294
1295 1295 1295
1296 1296 1296
1297 1297 1297
1298 1298 1298
1299 1299 1299
1300 1300 1300
1301 1301 1301
1302 1302 1302
1303 1303 1303
1304 1304 1304
1305 1305 1305
1306 1306 1306
1307 1307 1307
1308 1308 1308
1309 1309 1309
1310 1310 1310
1311 1311 1311
1312 1312 1312
1313 1313 1313
1314 1314 1314
1315 1315 1315
1316 1316 1316
1317 1317 1317
1318 1318 1318
1319 1319 1319
1320 1320 1320
1321 1321 1321
1322 1322 1322
1323 1323 1323
1324 1324 1324
1325 1325 1325
1326 1326 1326
1327 1327 1327
1328 1328 1328
1329 1329 1329
1330 1330 1330
1331 1331 1331
1332 1332 1332
1333 1333 1333
1334 1334 1334
1335 1335 1335
1336 1336 1336
1337 1337 1337
1338 1338 1338
1339 1339 1339
1340 1340 1340
1341 1341 1341
1342 1342 1342
1343 1343 1343
1344 1344 1344
1345 1345 1345
1346 1346 1346
1347 1347 1347
1348 1348 1348
1349 1349 1349
1350 1350 1350
1351 1351 1351
1352 1352 1352
1353 1353 1353
1354 1354 1354
1355 1355 1355
1356 1356 1356
1357 1357 1357
1358 1358 1358
1359 1359 1359
1360 1360 1360
1361 1361 1361
1362 1362 1362
1363 1363 1363
1364 1364 1364
1365 1365 1365
1366 1366 1366
1367 1367 1367
1368 1368 1368
1369 1369 1369
1370 1370 1370
1371 1371 1371
1372 1372 1372
1373 1373 1373
1374 1374 1374
1375 1375 1375
1376 1376 1376
1377 1377 1377
1378 1378 1378
1379 1379 1379
1380 1380 1380
1381 1381 1381
1382 1382 1382
1383 1383 1383
1384 1384 1384
1385 1385 1385
1386 1386 1386
1387 1387 1387
1388 1388 1388
1389 1389 1389
1390 1390 1390
1391 1391 1391
1392 1392 1392
1393 1393 1393
1394 1394 1394
1395 1395 1395
1396 1396 1396
1397 1397 1397
1398 1398 1398
1399 1399 1399
1400 1400 1400
1401 1401 1401
1402 1402 1402
1403 1403 1403
1404 1404 1404
1405 1405 1405
1406 1406 1406
1407 1407 1407
1408 1408 1408
1409 1409 1409
1410 1410 1410
1411 1411 1411
1412 1412 1412
1413 1413 1413
1414 1414 1414
1415 1415 1415
1416 1416 1416
1417 1417 1417
1418 1418 1418
1419 1419 1419
1420 1420 1420
1421 1421 1421
1422 1422 1422
1423 1423 1423
1424 1424 1424
1425 1425 1425
1426 1426 1426
1427 1427 1427
1428 1428 1428
1429 1429 1429
1430 1430 1430
1431 1431 1431
1432 1432 1432
1433 1433 1433
1434 1434 1434
1435 1435 1435
1436 1436 1436
1437 1437 1437
1438 1438 1438
1439 1439 1439
1440 1440 1440
1441 1441 1441
1442 1442 1442
1443 1443 1443
1444 1444 1444
1445 1445 1445
1446 1446 1446
1447 1447 1447
1448 1448 1448
1449 1449 1449
1450 1450 1450
1451 1451 1451
1452 1452 1452
1453 1453 1453
1454 1454 1454
1455 1455 1455
1456 1456 1456
1457 1457 1457
1458 1458 1458
1459 1459 1459
1460 1460 1460
1461 1461 1461
1462 1462 1462
1463 1463 1463
1464 1464 1464
1465 1465 1465
1466 1466 1466
1467 1467 1467
1468 1468 1468
1469 1469 1469
1470 1470 1470
1471 1471 1471
1472 1472 1472
1473 1473 1473
1474 1474 1474
1475 1475 1475
1476 1476 1476
1477 1477 1477
1478 1478 1478
1479 1479 1479
1480 1480 1480
1481 1481 1481
1482 1482 1482
1483 1483 1483
1484 1484 1484
1485 1485 1485
1486 1486 1486
1487 1487 1487
1488 1488 1488
1489 1489 1489
1490 1490 1490
1491 1491 1491
1492 1492 1492
1493 1493 1493
1494 1494 1494
1495 1495 1495
1496 1496 1496
1497 1497 1497
1498 1498 1498
1499 1499 1499
1500 1500 1500
1501 1501 1501
1502 1502 1502
1503 1503 1503
1504 1504 1504
1505 1505 1505
1506 1506 1506
1507 1507 1507
1508 1508 1508
1509 1509 1509
1510 1510 1510
1511 1511 1511
1512 1512 1512
1513 1513 1513
1514 1514 1514
1515 1515 1515
1516 1516 1516
1517 1517 1517
1518 1518 1518
1519 1519 1519
1520 1520 1520
1521 1521 1521
1522 1522 1522
1523 1523 1523
1524 1524 1524
1525 1525 1525
1526 1526 1526
1527 1527 1527
1528 1528 1528
1529 1529 1529
1530 1530 1530
1531 1531 1531
1532 1532 1532
1533 1533 1533
1534 1534 1534
1535 1535 1535
1536 1536 1536
1537 1537 1537
1538 1538 1538
1539 1539 1539
1540 1540 1540
1541 1541 1541
1542 1542 1542
1543 1543 1543
1544 1544 1544
1545 1545 1545
1546 1546 1546
1547 1547 1547
1548 1548 1548
1549 1549 1549
1550 1550 1550
1551 1551 1551
1552 1552 1552
1553 1553 1553
1554 1554 1554
1555 1555 1555
1556 1556 1556
1557 1557 1557
1558 1558 1558
1559 1559 1559
1560 1560 1560
1561 1561 1561
1562 1562 1562
1563 1563 1563
1564 1564 1564
1565 1565 1565
1566 1566 1566
1567 1567 1567
1568 1568 1568
1569 1569 1569
1570 1570 1570
1571 1571 1571
1572 1572 1572
1573 1573 1573
1574 1574 1574
1575 1575 1575
1576 1576 1576
1577 1577 1577
1578 1578 1578
1579 1579 1579
1580 1580 1580
1581 1581 1581
1582 1582 1582
1583 1583 1583
1584 1584 1584
1585 1585 1585
1586 1586 1586
1587 1587 1587
1588 1588 1588
1589 1589 1589
1590 1590 1590
1591 1591 1591
1592 1592 1592
1593 1593 1593
1594 1594 1594
1595 1595 1595
1596 1596 1596
1597 1597 1597
1598 1598 1598
1599 1599 1599
1600 1600 1600
1601 1601 1601
1602 1602 1602
1603 1603 1603
1604 1604 1604
1605 1605 1605
1606 1606 1606
1607 1607 1607
1608 1608 1608
1609 1609 1609
1610 1610 1610
1611 1611 1611
1612 1612 1612
1613 1613 1613
1614 1614 1614
1615 1615 1615
1616 1616 1616
1617 1617 1617
1618 1618 1618
1619 1619 1619
1620 1620 1620
1621 1621 1621
1622 1622 1622
1623 1623 1623
1624 1624 1624
1625 1625 1625
1626 1626 1626
1627 1627 1627
1628 1628 1628
1629 1629 1629
1630 1630 1630
1631 1631 1631
1632 1632 1632
1633 1633 1633
1634 1634 1634
1635 1635 1635
1636 1636 1636
1637 1637 1637
1638 1638 1638
1639 1639 1639
1640 1640 1640
1641 1641 1641
1642 1642 1642
1643 1643 1643
1644 1644 1644
1645 1645 1645
1646 1646 1646
1647 1647 1647
1648 1648 1648
1649 1649 1649
1650 1650 1650
1651 1651 1651
1652 1652 1652
1653 1653 1653
1654 1654 1654
1655 1655 1655
1656 1656 1656
1657 1657 1657
1658 1658 1658
1659 1659 1659
1660 1660 1660
1661 1661 1661
1662 1662 1662
1663 1663 1663
1664 1664 1664
1665 1665 1665
1666 1666 1666
1667 1667 1667
1668 1668 1668
1669 1669 1669
1670 1670 1670
1671 1671 1671
1672 1672 1672
1673 1673 1673
1674 1674 1674
1675 1675 1675
1676 1676 1676
1677 1677 1677
1678 1678 1678
1679 1679 1679
1680 1680 1680
1681 1681 1681
1682 1682 1682
1683 1683 1683
1684 1684 1684
1685 1685 1685
1686 1686 1686
1687 1687 1687
1688 1688 1688
1689 1689 1689
1690 1690 1690
1691 1691 1691
1692 1692 1692
1693 1693 1693
1694 1694 1694
1695 1695 1695
1696 1696 1696
1697 1697 1697
1698 1698 1698
1699 1699 1699
1700 1700 1700
1701 1701 1701
1702 1702 1702
1703 1703 1703
1704 1704 1704
1705 1705 1705
1706 1706 1706
1707 1707 1707
1708 1708 1708
1709 1709 1709
1710 1710 1710
1711 1711 1711
1712 1712 1712
1713 1713 1713
1714 1714 1714
1715 1715 1715
1716 1716 1716
1717 1717 1717
1718 1718 1718
1719 1719 1719
1720 1720 1720
1721 1721 1721
1722 1722 1722
1723 1723 1723
1724 1724 1724
1725 1725 1725
1726 1726 1726
1727 1727 1727
1728 1728 1728
1729 1729 1729
1730 1730 1730
1731 1731 1731
1732 1732 1732
1733 1733 1733
1734 1734 1734
1735 1735 1735
1736 1736 1736
1737 1737 1737
1738 1738 1738
1739 1739 1739
1740 1740 1740
1741 1741 1741
1742 1742 1742
1743 1743 1743
1744 1744 1744
1745 1745 1745
1746 1746 1746
1747 1747 1747
1748 1748 1748
1749 1749 1749
1750 1750 1750
1751 1751 1751
1752 1752 1752
1753 1753 1753
1754 1754 1754
1755 1755 1755
1756 1756 1756
1757 1757 1757
1758 1758 1758
1759 1759 1759
1760 1760 1760
1761 1761 1761
1762 1762 1762
1763 1763 1763
1764 1764 1764
1765 1765 1765
1766 1766 1766
1767 1767 1767
1768 1768 1768
1769 1769 1769
1770 1770 1770
1771 1771 1771
1772 1772 1772
1773 1773 1773
1774 1774 1774
1775 1775 1775
1776 1776 1776
1777 1777 1777
1778 1778 1778
1779 1779 1779
1780 1780 1780
1781 1781 1781
1782 1782 1782
1783 1783 1783
1784 1784 1784
1785 1785 1785
1786 1786 1786
1787 1787 1787
1788 1788 1788
1789 1789 1789
1790 1790 1790
1791 1791 1791
1792 1792 1792
1793 1793 1793
1794 1794 1794
1795 1795 1795
1796 1796 1796
1797 1797 1797
1798 1798 1798
1799 1799 1799
1800 1800 1800
1801 1801 1801
1802 1802 1802
1803 1803 1803
1804 1804 1804
1805 1805 1805
1806 1806 1806
1807 1807 1807
1808 1808 1808
1809 1809 1809
1810 1810 1810
1811 1811 1811
1812 1812 1812
1813 1813 1813
1814 1814 1814
1815 1815 1815
1816 1816 1816
1817 1817 1817
1818 1818 1818
1819 1819 1819
1820 1820 1820
1821 1821 1821
1822 1822 1822
1823 1823 1823
1824 1824 1824
1825 1825 1825
1826 1826 1826
1827 1827 1827
1828 1828 1828
1829 1829 1829
1830 1830 1830
1831 1831 1831
1832 1832 1832
1833 1833 1833
1834 1834 1834
1835 1835 1835
1836 1836 1836
1837 1837 1837
1838 1838 1838
1839 1839 1839
1840 1840 1840
1841 1841 1841
1842 1842 1842
1843 1843 1843
1844 1844 1844
1845 1845 1845
1846 1846 1846
1847 1847 1847
1848 1848 1848
1849 1849 1849
1850 1850 1850
1851 1851 1851
1852 1852 1852
1853 1853 1853
1854 1854 1854
1855 1855 1855
1856 1856 1856
1857 1857 1857
1858 1858 1858
1859 1859 1859
1860 1860 1860
1861 1861 1861
1862 1862 1862
1863 1863 1863
1864 1864 1864
1865 1865 1865
1866 1866 1866
1867 1867 1867
1868 1868 1868
1869 1869 1869
1870 1870 1870
1871 1871 1871
1872 1872 1872
1873 1873 1873
1874 1874 1874
1875 1875 1875
1876 1876 1876
1877 1877 1877
1878 1878 1878
1879 1879 1879
1880 1880 1880
1881 1881 1881
1882 1882 1882
1883 1883 1883
1884 1884 1884
1885 1885 1885
1886 1886 1886
1887 1887 1887
1888 1888 1888
1889 1889 1889
1890 1890 1890
1891 1891 1891
1892 1892 1892
1893 1893 1893
1894 1894 1894
1895 1895 1895
1896 1896 1896
1897 1897 1897
1898 1898 1898
1899 1899 1899
1900 1900 1900
1901 1901 1901
1902 1902 1902
1903 1903 1903
1904 1904 1904
1905 1905 1905
1906 1906 1906
1907 1907 1907
1908 1908 1908
1909 1909 1909
1910 1910 1910
1911 1911 1911
1912 1912 1912
1913 1913 1913
1914 1914 1914
1915 1915 1915
1916 1916 1916
1917 1917 1917
1918 1918 1918
1919 1919 1919
1920 1920 1920
1921 1921 1921
1922 1922 1922
1923 1923 1923
1924 1924 1924
1925 1925 1925
1926 1926 1926
1927 1927 1927
1928 1928 1928
1929 1929 1929
1930 1930 1930
1931 1931 1931
1932 1932 1932
1933 1933 1933
1934 1934 1934
1935 1935 1935
1936 1936 1936
1937 1937 1937
1938 1938 1938
1939 1939 1939
1940 1940 1940
1941 1941 1941
1942 1942 1942
1943 1943 1943
1944 1944 1944
1945 1945 1945
1946 1946 1946
1947 1947 1947
1948 1948 1948
1949 1949 1949
1950 1950 1950
1951 1951 1951
1952 1952 1952
1953 1953 1953
1954 1954 1954
1955 1955 1955
1956 1956 1956
1957 1957 1957
1958 1958 1958
1959 1959 1959
1960 1960 1960
1961 1961 1961
1962 1962 1962
1963 1963 1963
1964 1964 1964
1965 1965 1965
1966 1966 1966
1967 1967 1967
1968 1968 1968
1969 1969 1969
1970 1970 1970
1971 1971 1971
1972 1972 1972
1973 1973 1973
1974 1974 1974
1975 1975 1975
1976 1976 1976
1977 1977 1977
1978 1978 1978
1979 1979 1979
1980 1980 1980
1981 1981 1981
1982 1982 1982
1983 1983 1983
1984 1984 1984
1985 1985 1985
1986 1986 1986
1987 1987 1987
1988 1988 1988
1989 1989 1989
1990 1990 1990
1991 1991 1991
1992 1992 1992
1993 1993 1993
1994 1994 1994
1995 1995 1995
1996 1996 1996
1997 1997 1997
1998 1998 1998
1999 1999 1999
2000 2000 2000
2001 2001 2001
2002 2002 2002
2003 2003 2003
2004 2004 2004
2005 2005 2005
2006 2006 2006
2007 2007 2007
2008 2008 2008
2009 2009 2009
2010 2010 2010
2011 2011 2011
2012 2012 2012
2013 2013 2013
2014 2014 2014
2015 2015 2015
2016 2016 2016
2017 2017 2017
2018 2018 2018
2019 2019 2019
2020 2020 2020
2021 2021 2021
2022 2022 2022
2023 2023 2023
2024 2024 2024
2025 2025 2025
2026 2026 2026
2027 2027 2027
2028 2028 2028
2029 2029 2029
2030 2030 2030
2031 2031 2031
2032 2032 2032
2033 2033 2033
2034 2034 2034
2035 2035 2035
2036 2036 2036
2037 2037 2037
2038 2038 2038
2039 2039 2039
2040 2040 2040
2041 2041 2041
2042 2042 2042
2043 2043 2043
2044 2044 2044
2045 2045 2045
2046 2046 2046
2047 2047 2047
2048 2048 2048
2049 2049 2049
2050 2050 2050
2051 2051 2051
2052 2052 2052
2053 2053 2053
2054 2054 2054
2055 2055 2055
2056 2056 2056
2057 2057 2057
2058 2058 2058
2059 2059 2059
2060 2060 2060
2061 2061 2061
2062 2062 2062
2063 2063 2063
2064 2064 2064
2065 2065 2065
2066 2066 2066
2067 2067 2067
2068 2068 2068
2069 2069 2069
2070 2070 2070
2071 2071 2071
2072 2072 2072
2073 2073 2073
2074 2074 2074
2075 2075 2075
2076 2076 2076
2077 2077 2077
2078 2078 2078
2079 2079 2079
2080 2080 2080
2081 2081 2081
2082 2082 2082
2083 2083 2083
2084 2084 2084
2085 2085 2085
2086 2086 2086
2087 2087 2087
2088 2088 2088
2089 2089 2089
2090 2090 2090
2091 2091 2091
2092 2092 2092
2093 2093 2093
2094 2094 2094
2095 2095 2095
2096 2096 2096
2097 2097 2097
2098 2098 2098
2099 2099 2099
2100 2100 2100
2101 2101 2101
2102 2102 2102
2103 2103 2103
2104 2104 2104
2105 2105 2105
2106 2106 2106
2107 2107 2107
2108 2108 2108
2109 2109 2109
2110 2110 2110
2111 2111 2111
2112 2112 2112
2113 2113 2113
2114 2114 2114
2115 2115 2115
2116 2116 2116
2117 2117 2117
2118 2118 2118
2119 2119 2119
2120 2120 2120
2121 2121 2121
2122 2122 2122
2123 2123 2123
2124 2124 2124
2125 2125 2125
2126 2126 2126
2127 2127 2127
2128 2128 2128
2129 2129 2129
2130 2130 2130
2131 2131 2131
2132 2132 2132
2133 2133 2133
2134 2134 2134
2135 2135 2135
2136 2136 2136
2137 2137 2137
2138 2138 2138
2139 2139 2139
2140 2140 2140
2141 2141 2141
2142 2142 2142
2143 2143 2143
2144 2144 2144
2145 2145 2145
2146 2146 2146
2147 2147 2147
2148 2148 2148
2149 2149 2149
2150 2150 2150
2151 2151 2151
2152 2152 2152
2153 2153 2153
2154 2154 2154
2155 2155 2155
2156 2156 2156
2157 2157 2157
2158 2158 2158
2159 2159 2159
2160 2160 2160
2161 2161 2161
2162 2162 2162
2163 2163 2163
2164 2164 2164
2165 2165 2165
2166 2166 2166
2167 2167 2167
2168 2168 2168
2169 2169 2169
2170 2170 2170
2171 2171 2171
2172 2172 2172
2173 2173 2173
2174 2174 2174
2175 2175 2175
2176 2176 2176
2177 2177 2177
2178 2178 2178
2179 2179 2179
2180 2180 2180
2181 2181 2181
2182 2182 2182
2183 2183 2183
2184 2184 2184
2185 2185 2185
2186 2186 2186
2187 2187 2187
2188 2188 2188
2189 2189 2189
2190 2190 2190
2191 2191 2191
2192 2192 2192
2193 2193 2193
2194 2194 2194
2195 2195 2195
2196 2196 2196
2197 2197 2197
2198 2198 2198
2199 2199 2199
2200 2200 2200
2201 2201 2201
2202 2202 2202
2203 2203 2203
2204 2204 2204
2205 2205 2205
2206 2206 2206
2207 2207 2207
2208 2208 2208
2209 2209 2209
2210 2210 2210
2211 2211 2211
2212 2212 2212
2213 2213 2213
2214 2214 2214
2215 2215 2215
2216 2216 2216
2217 2217 2217
2218 2218 2218
2219 2219 2219
2220 2220 2220
2221 2221 2221
2222 2222 2222
2223 2223 2223
2224 2224 2224
2225 2225 2225
2226 2226 2226
2227 2227 2227
2228 2228 2228
2229 2229 2229
2230 2230 2230
2231 2231 2231
2232 2232 2232
2233 2233 2233
2234 2234 2234
2235 2235 2235
2236 2236 2236
2237 2237 2237
2238 2238 2238
2239 2239 2239
2240 2240 2240
2241 2241 2241
2242 2242 2242
2243 2243 2243
2244 2244 2244
2245 2245 2245
2246 2246 2246
2247 2247 2247
2248 2248 2248
2249 2249 2249
2250 2250 2250
2251 2251 2251
2252 2252 2252
2253 2253 2253
2254 2254 2254
2255 2255 2255
2256 2256 2256
2257 2257 2257
2258 2258 2258
2259 2259 2259
2260 2260 2260
2261 2261 2261
2262 2262 2262
2263 2263 2263
2264 2264 2264
2265 2265 2265
2266 2266 2266
2267 2267 2267
2268 2268 2268
2269 2269 2269
2270 2270 2270
2271 2271 2271
2272 2272 2272
2273 2273 2273
2274 2274 2274
2275 2275 2275
2276 2276 2276
2277 2277 2277
2278 2278 2278
2279 2279 2279
2280 2280 2280
2281 2281 2281
2282 2282 2282
2283 2283 2283
2284 2284 2284
2285 2285 2285
2286 2286 2286
2287 2287 2287
2288 2288 2288
2289 2289 2289
2290 2290 2290
2291 2291 2291
2292 2292 2292
2293 2293 2293
2294 2294 2294
2295 2295 2295
2296 2296 2296
2297 2297 2297
2298 2298 2298
2299 2299 2299
2300 2300 2300
2301 2301 2301
2302 2302 2302
2303 2303 2303
2304 2304 2304
2305 2305 2305
2306 2306 2306
2307 2307 2307
2308 2308 2308
2309 2309 2309
2310 2310 2310
2311 2311 2311
2312 2312 2312
2313 2313 2313
2314 2314 2314
2315 2315 2315
2316 2316 2316
2317 2317 2317
2318 2318 2318
2319 2319 2319
2320 2320 2320
2321 2321 2321
2322 2322 2322
2323 2323 2323
2324 2324 2324
2325 2325 2325
2326 2326 2326
2327 2327 2327
2328 2328 2328
2329 2329 2329
2330 2330 2330
2331 2331 2331
2332 2332 2332
2333 2333 2333
2334 2334 2334
2335 2335 2335
2336 2336 2336
2337 2337 2337
2338 2338 2338
2339 2339 2339
2340 2340 2340
2341 2341 2341
2342 2342 2342
2343 2343 2343
2344 2344 2344
2345 2345 2345
2346 2346 2346
2347 2347 2347
2348 2348 2348
2349 2349 2349
2350 2350 2350
2351 2351 2351
2352 2352 2352
2353 2353 2353
2354 2354 2354
2355 2355 2355
2356 2356 2356
2357 2357 2357
2358 2358 2358
2359 2359 2359
2360 2360 2360
2361 2361 2361
2362 2362 2362
2363 2363 2363
2364 2364 2364
2365 2365 2365
2366 2366 2366
2367 2367 2367
2368 2368 2368
2369 2369 2369
2370 2370 2370
2371 2371 2371
2372 2372 2372
2373 2373 2373
2374 2374 2374
2375 2375 2375
2376 2376 2376
2377 2377 2377
2378 2378 2378
2379 2379 2379
2380 2380 2380
2381 2381 2381
2382 2382 2382
2383 2383 2383
2384 2384 2384
2385 2385 2385
2386 2386 2386
2387 2387 2387
2388 2388 2388
2389 2389 2389
2390 2390 2390
2391 2391 2391
2392 2392 2392
2393 2393 2393
2394 2394 2394
2395 2395 2395
2396 2396 2396
2397 2397 2397
2398 2398 2398
2399 2399 2399
2400 2400 2400
2401 2401 2401
2402 2402 2402
2403 2403 2403
2404 2404 2404
2405 2405 2405
2406 2406 2406
2407 2407 2407
2408 2408 2408
2409 2409 2409
2410 2410 2410
2411 2411 2411
2412 2412 2412
2413 2413 2413
2414 2414 2414
2415 2415 2415
2416 2416 2416
2417 2417 2417
2418 2418 2418
2419 2419 2419
2420 2420 2420
2421 2421 2421
2422 2422 2422
2423 2423 2423
2424 2424 2424
2425 2425 2425
2426 2426 2426
2427 2427 2427
2428 2428 2428
2429 2429 2429
2430 2430 2430
2431 2431 2431
2432 2432 2432
2433 2433 2433
2434 2434 2434
2435 2435 2435
2436 2436 2436
2437 2437 2437
2438 2438 2438
2439 2439 2439
2440 2440 2440
2441 2441 2441
2442 2442 2442
2443 2443 2443
2444 2444 2444
2445 2445 2445
2446 2446 2446
2447 2447 2447
2448 2448 2448
2449 2449 2449
2450 2450 2450
2451 2451 2451
2452 2452 2452
2453 2453 2453
2454 2454 2454
2455 2455 2455
2456 2456 2456
2457 2457 2457
2458 2458 2458
2459 2459 2459
2460 2460 2460
2461 2461 2461
2462 2462 2462
2463 2463 2463
2464 2464 2464
2465 2465 2465
2466 2466 2466
2467 2467 2467
2468 2468 2468
2469 2469 2469
2470 2470 2470
2471 2471 2471
2472 2472 2472
2473 2473 2473
2474 2474 2474
2475 2475 2475
2476 2476 2476
2477 2477 2477
2478 2478 2478
2479 2479 2479
2480 2480 2480
2481 2481 2481
2482 2482 2482
2483 2483 2483
2484 2484 2484
2485 2485 2485
2486 2486 2486
2487 2487 2487
2488 2488 2488
2489 2489 2489
2490 2490 2490
2491 2491 2491
2492 2492 2492
2493 2493 2493
2494 2494 2494
2495 2495 2495
2496 2496 2496
2497 2497 2497
2498 2498 2498
2499 2499 2499
2500 2500 2500
2501 2501 2501
2502 2502 2502
2503 2503 2503
2504 2504 2504
2505 2505 2505
2506 2506 2506
2507 2507 2507
2508 2508 2508
2509 2509 2509
2510 2510 2510
2511 2511 2511
2512 2512 2512
2513 2513 2513
2514 2514 2514
2515 2515 2515
2516 2516 2516
2517 2517 2517
2518 2518 2518
2519 2519 2519
2520 2520 2520
2521 2521 2521
2522 2522 2522
2523 2523 2523
2524 2524 2524
2525 2525 2525
2526 2526 2526
2527 2527 2527
2528 2528 2528
2529 2529 2529
2530 2530 2530
2531 2531 2531
2532 2532 2532
2533 2533 2533
2534 2534 2534
2535 2535 2535
2536 2536 2536
2537 2537 2537
2538 2538 2538
2539 2539 2539
2540 2540 2540
2541 2541 2541
2542 2542 2542
2543 2543 2543
2544 2544 2544
2545 2545 2545
2546 2546 2546
2547 2547 2547
2548 2548 2548
2549 2549 2549
2550 2550 2550
2551 2551 2551
2552 2552 2552
2553 2553 2553
2554 2554 2554
2555 2555 2555
2556 2556 2556
2557 2557 2557
2558 2558 2558
2559 2559 2559
2560 2560 2560
2561 2561 2561
2562 2562 2562
2563 2563 2563
2564 2564 2564
2565 2565 2565
2566 2566 2566
2567 2567 2567
2568 2568 2568
2569 2569 2569
2570 2570 2570
2571 2571 2571
2572 2572 2572
2573 2573 2573
2574 2574 2574
2575 2575 2575
2576 2576 2576
2577 2577 2577
2578 2578 2578
2579 2579 2579
2580 2580 2580
2581 2581 2581
2582 2582 2582
2583 2583 2583
2584 2584 2584
2585 2585 2585
2586 2586 2586
2587 2587 2587
2588 2588 2588
2589 2589 2589
2590 2590 2590
2591 2591 2591
2592 2592 2592
2593 2593 2593
2594 2594 2594
2595 2595 2595
2596 2596 2596
2597 2597 2597
2598 2598 2598
2599 2599 2599
2600 2600 2600
2601 2601 2601
2602 2602 2602
2603 2603 2603
2604 2604 2604
2605 2605 2605
2606 2606 2606
2607 2607 2607
2608 2608 2608
2609 2609 2609
2610 2610 2610
2611 2611 2611
2612 2612 2612
2613 2613 2613
2614 2614 2614
2615 2615 2615
2616 2616 2616
2617 2617 2617
2618 2618 2618
2619 2619 2619
2620 2620 2620
2621 2621 2621
2622 2622 2622
2623 2623 2623
2624 2624 2624
2625 2625 2625
2626 2626 2626
2627 2627 2627
2628 2628 2628
2629 2629 2629
2630 2630 2630
2631 2631 2631
2632 2632 2632
2633 2633 2633
2634 2634 2634
2635 2635 2635
2636 2636 2636
2637 2637 2637
2638 2638 2638
2639 2639 2639
2640 2640 2640
2641 2641 2641
2642 2642 2642
2643 2643 2643
2644 2644 2644
2645 2645 2645
2646 2646 2646
2647 2647 2647
2648 2648 2648
2649 2649 2649
2650 2650 2650
2651 2651 2651
2652 2652 2652
2653 2653 2653
2654 2654 2654
2655 2655 2655
2656 2656 2656
2657 2657 2657
2658 2658 2658
2659 2659 2659
2660 2660 2660
2661 2661 2661
2662 2662 2662
2663 2663 2663
2664 2664 2664
2665 2665 2665
2666 2666 2666
2667 2667 2667
2668 2668 2668
2669 2669 2669
2670 2670 2670
2671 2671 2671
2672 2672 2672
2673 2673 2673
2674 2674 2674
2675 2675 2675
2676 2676 2676
2677 2677 2677
2678 2678 2678
2679 2679 2679
2680 2680 2680
2681 2681 2681
2682 2682 2682
2683 2683 2683
2684 2684 2684
2685 2685 2685
2686 2686 2686
2687 2687 2687
2688 2688 2688
2689 2689 2689
2690 2690 2690
2691 2691 2691
2692 2692 2692
2693 2693 2693
2694 2694 2694
2695 2695 2695
2696 2696 2696
2697 2697 2697
2698 2698 2698
2699 2699 2699
2700 2700 2700
2701 2701 2701
2702 2702 2702
2703 2703 2703
2704 2704 2704
2705 2705 2705
2706 2706 2706
2707 2707 2707
2708 2708 2708
2709 2709 2709
2710 2710 2710
2711 2711 2711
2712 2712 2712
2713 2713 2713
2714 2714 2714
2715 2715 2715
2716 2716 2716
2717 2717 2717
2718 2718 2718
2719 2719 2719
2720 2720 2720
2721 2721 2721
2722 2722 2722
2723 2723 2723
2724 2724 2724
2725 2725 2725
2726 2726 2726
2727 2727 2727
2728 2728 2728
2729 2729 2729
2730 2730 2730
2731 2731 2731
2732 2732 2732
2733 2733 2733
2734 2734 2734
2735 2735 2735
2736 2736 2736
2737 2737 2737
2738 2738 2738
2739 2739 2739
2740 2740 2740
2741 2741 2741
2742 2742 2742
2743 2743 2743
2744 2744 2744
2745 2745 2745
2746 2746 2746
2747 2747 2747
2748 2748 2748
2749 2749 2749
2750 2750 2750
2751 2751 2751
2752 2752 2752
2753 2753 2753
2754 2754 2754
2755 2755 2755
2756 2756 2756
2757 2757 2757
2758 2758 2758
2759 2759 2759
2760 2760 2760
2761 2761 2761
2762 2762 2762
2763 2763 2763
2764 2764 2764
2765 2765 2765
2766 2766 2766
2767 2767 2767
2768 2768 2768
2769 2769 2769
2770 2770 2770
2771 2771 2771
2772 2772 2772
2773 2773 2773
2774 2774 2774
2775 2775 2775
2776 2776 2776
2777 2777 2777
2778 2778 2778
2779 2779 2779
2780 2780 2780
2781 2781 2781
2782 2782 2782
2783 2783 2783
2784 2784 2784
2785 2785 2785
2786 2786 2786
2787 2787 2787
2788 2788 2788
2789 2789 2789
2790 2790 2790
2791 2791 2791
2792 2792 2792
2793 2793 2793
2794 2794 2794
2795 2795 2795
2796 2796 2796
2797 2797 2797
2798 2798 2798
2799 2799 2799
2800 2800 2800
2801 2801 2801
2802 2802 2802
2803 2803 2803
2804 2804 2804
2805 2805 2805
2806 2806 2806
2807 2807 2807
2808 2808 2808
2809 2809 2809
2810 2810 2810
2811 2811 2811
2812 2812 2812
2813 2813 2813
2814 2814 2814
2815 2815 2815
2816 2816 2816
2817 2817 2817
2818 2818 2818
2819 2819 2819
2820 2820 2820
2821 2821 2821
2822 2822 2822
2823 2823 2823
2824 2824 2824
2825 2825 2825
2826 2826 2826
2827 2827 2827
2828 2828 2828
2829 2829 2829
2830 2830 2830
2831 2831 2831
2832 2832 2832
2833 2833 2833
2834 2834 2834
2835 2835 2835
2836 2836 2836
2837 2837 2837
2838 2838 2838
2839 2839 2839
2840 2840 2840
2841 2841 2841
2842 2842 2842
2843 2843 2843
2844 2844 2844
2845 2845 2845
2846 2846 2846
2847 2847 2847
2848 2848 2848
2849 2849 2849
2850 2850 2850
2851 2851 2851
2852 2852 2852
2853 2853 2853
2854 2854 2854
2855 2855 2855
2856 2856 2856
2857 2857 2857
2858 2858 2858
2859 2859 2859
2860 2860 2860
2861 2861 2861
2862 2862 2862
2863 2863 2863
2864 2864 2864
2865 2865 2865
2866 2866 2866
2867 2867 2867
2868 2868 2868
2869 2869 2869
2870 2870 2870
2871 2871 2871
2872 2872 2872
2873 2873 2873
2874 2874 2874
2875 2875 2875
2876 2876 2876
2877 2877 2877
2878 2878 2878
2879 2879 2879
2880 2880 2880
2881 2881 2881
2882 2882 2882
2883 2883 2883
2884 2884 2884
2885 2885 2885
2886 2886 2886
2887 2887 2887
2888 2888 2888
2889 2889 2889
2890 2890 2890
2891 2891 2891
2892 2892 2892
2893 2893 2893
2894 2894 2894
2895 2895 2895
2896 2896 2896
2897 2897 2897
2898 2898 2898
2899 2899 2899
2900 2900 2900
2901 2901 2901
2902 2902 2902
2903 2903 2903
2904 2904 2904
2905 2905 2905
2906 2906 2906
2907 2907 2907
2908 2908 2908
2909 2909 2909
2910 2910 2910
2911 2911 2911
2912 2912 2912
2913 2913 2913
2914 2914 2914
2915 2915 2915
2916 2916 2916
2917 2917 2917
2918 2918 2918
2919 2919 2919
2920 2920 2920
2921 2921 2921
2922 2922 2922
2923 2923 2923
2924 2924 2924
2925 2925 2925
2926 2926 2926
2927 2927 2927
2928 2928 2928
2929 2929 2929
2930 2930 2930
2931 2931 2931
2932 2932 2932
2933 2933 2933
2934 2934 2934
2935 2935 2935
2936 2936 2936
2937 2937 2937
2938 2938 2938
2939 2939 2939
2940 2940 2940
2941 2941 2941
2942 2942 2942
2943 2943 2943
2944 2944 2944
2945 2945 2945
2946 2946 2946
2947 2947 2947
2948 2948 2948
2949 2949 2949
2950 2950 2950
2951 2951 2951
2952 2952 2952
2953 2953 2953
2954 2954 2954
2955 2955 2955
2956 2956 2956
2957 2957 2957
2958 2958 2958
2959 2959 2959
2960 2960 2960
2961 2961 2961
2962 2962 2962
2963 2963 2963
2964 2964 2964
2965 2965 2965
2966 2966 2966
2967 2967 2967
2968 2968 2968
2969 2969 2969
2970 2970 2970
2971 2971 2971
2972 2972 2972
2973 2973 2973
2974 2974 2974
2975 2975 2975
2976 2976 2976
2977 2977 2977
2978 2978 2978
2979 2979 2979
2980 2980 2980
2981 2981 2981
2982 2982 2982
2983 2983 2983
2984 2984 2984
2985 2985 2985
2986 2986 2986
2987 2987 2987
2988 2988 2988
2989 2989 2989
2990 2990 2990
2991 2991 2991
2992 2992 2992
2993 2993 2993
2994 2994 2994
2995 2995 2995
2996 2996 2996
2997 2997 2997
2998 2998 2998
2999 2999 2999
0-392
0-223
1-1945
1-1620
2-2224
3-2799
4-1506
5-906
5-2353
5-350
6-957
7-243
8-1637
8-670
8-857
9-1511
10-929
10-2821
10-2993
10-2306
11-715
11-697
11-828
12-649
12-2909
13-1148
14-1980
14-714
14-2224
15-1586
16-889
17-609
18-2499
19-1327
19-1133
20-2145
20-2276
20-2951
21-1765
21-1954
22-1102
23-1924
23-1585
24-1704
25-493
25-2935
26-570
27-1730
28-737
29-2129
30-780
31-2041
31-1202
31-2530
31-2784
32-1576
33-370
33-440
34-1304
35-674
35-2264
35-2964
35-1274
35-104
35-131
36-553
36-1654
36-1115
37-2400
37-2127
37-2902
38-1420
38-1143
38-1541
38-133
38-618
39-2075
39-2159
39-2074
39-236
39-1514
39-976
39-548
40-1768
41-2384
41-2917
41-654
41-2064
42-2732
43-151
43-599
43-2852
44-373
44-2615
44-2474
45-761
45-2545
45-919
46-1293
46-1489
47-2790
47-1833
48-2638
49-1871
49-1822
49-498
50-1152
50-1750
51-194
51-583
52-1656
52-332
53-1653
53-1313
53-2040
54-950
54-505
54-1514
55-459
56-2010
56-296
56-380
56-390
56-2002
56-2860
56-2661
57-2774
57-305
57-2321
58-185
58-579
58-202
59-582
59-1762
60-1847
61-197
62-233
62-623
62-437
62-2328
63-467
63-1723
63-108
64-2710
65-2856
66-319
67-947
68-605
68-1324
68-1036
68-1549
68-952
68-1160
68-2726
68-1680
69-1356
69-1927
69-672
69-95
70-1609
71-1605
72-1096
73-1015
74-627
74-2789
75-976
76-227
76-532
76-2729
77-992
77-2992
78-897
79-1425
79-67
80-442
81-599
82-1821
82-91
83-481
84-1063
85-1229
85-877
86-1879
87-823
87-1985
87-972
87-1622
87-2650
87-2771
87-2622
87-1205
88-2609
88-369
88-762
89-2780
90-1184
91-1509
91-1181
91-1349
92-519
93-2942
93-2068
93-2706
94-542
94-2834
95-18
96-2964
96-2337
96-307
97-1545
97-552
98-441
99-1995
99-1337
99-2079
100-1012
100-1746
101-2844
101-2118
102-669
103-511
104-505
104-26
105-222
105-2900
106-680
106-2098
106-685
107-1795
108-2752
109-1167
110-1947
111-2536
111-2425
112-2665
113-83
114-889
114-583
115-1260
116-1553
117-1097
118-954
118-1346
119-2918
119-454
120-157
121-692
121-275
121-2690
121-215
121-1898
122-2648
123-1740
124-287
124-817
125-2904
125-1062
126-2627
127-1427
128-1715
129-1937
129-1992
129-1740
130-1054
131-1049
132-784
132-1394
132-220
133-1648
134-601
135-1505
136-2574
137-924
138-135
139-734
140-1088
141-1407
141-1547
141-1084
141-1019
142-1148
143-1468
144-38
144-2193
145-1029
146-2429
146-451
147-267
147-230
147-2953
148-1948
149-1477
150-1976
150-1502
151-2851
152-2974
152-2118
153-1482
153-1783
154-314
155-2285
155-1788
155-1012
156-2196
157-457
157-1328
157-2946
157-412
158-537
159-46
159-1603
160-2841
160-1217
161-1613
162-1466
163-2413
164-2015
164-1890
165-2165
165-2362
166-377
166-1070
167-351
167-2712
167-30
167-2926
167-2088
167-591
168-2192
168-1507
168-1998
169-2588
170-2533
170-1019
170-2398
171-2619
171-2398
171-2541
172-1690
173-1036
173-499
174-2207
174-2034
175-2270
175-1382
175-1338
176-2040
177-2335
178-267
179-1234
179-990
180-2757
180-1990
181-2190
181-220
181-2888
181-2289
182-158
182-1326
183-2658
183-1041
184-532
185-1743
185-554
185-401
185-483
185-1759
185-2890
185-2392
186-582
187-622
188-2128
189-847
189-2566
189-562
190-12
191-2215
192-1497
192-2822
193-1496
193-1365
193-2571
193-2677
193-1876
193-2857
194-1216
195-1955
196-674
196-631
197-988
197-2644
198-180
199-504
200-1690
200-828
200-2106
200-1353
201-1624
201-1014
202-1410
202-2257
203-1364
203-1257
203-2840
203-944
204-2568
205-382
205-335
205-838
206-1281
206-211
206-1922
206-2598
206-1276
206-1342
206-1541
207-1017
208-2676
209-788
209-1992
210-2371
210-2816
211-2495
212-753
212-687
212-2435
213-1091
214-1532
214-2021
215-2726
215-2716
216-1455
217-1727
217-2353
218-478
218-1869
218-2494
218-1737
218-2598
219-923
220-2403
220-2470
220-1753
220-1783
221-1129
221-25
222-758
222-2348
223-1609
224-2657
224-1185
224-155
225-2241
225-2065
226-1639
227-997
227-728
228-2097
228-2066
228-66
228-1730
228-2577
228-331
229-1658
230-1771
231-2060
231-2171
232-1423
233-2691
234-2374
234-1169
234-2682
235-1641
236-998
237-1879
237-2328
238-1878
238-141
239-1754
239-2876
240-2490
240-1911
240-1228
241-1972
242-501
242-2855
242-1817
243-126
244-2259
244-1735
245-2099
246-375
247-490
248-64
248-2822
248-1169
249-2356
249-1168
249-1407
250-2974
250-2150
250-2288
251-2432
252-2102
252-1223
253-13
253-1713
254-2097
254-848
254-928
254-602
254-2574
254-2149
254-42
255-833
256-600
256-2330
257-224
257-422
258-2008
259-1875
260-2354
260-2710
260-1996
260-1998
260-2364
260-1267
261-1691
262-607
262-2657
262-698
262-943
263-2446
264-1015
265-268
266-1765
266-2109
266-2291
267-1875
268-997
269-191
269-1284
270-1231
271-518
272-576
273-1775
274-533
274-203
275-870
275-2427
275-2910
276-1475
276-401
276-1059
276-519
277-1722
277-953
277-189
277-2482
278-989
278-2802
279-2179
279-2843
280-1125
281-1076
281-1278
281-1316
282-2043
282-1044
282-2052
283-40
283-1806
284-44
285-1131
286-305
286-1613
286-1768
287-715
288-934
288-2430
288-1346
288-1984
289-55
290-977
290-172
291-1274
292-489
293-47
294-480
295-1026
295-1825
295-2355
295-1388
296-2160
297-888
297-466
297-142
297-1586
297-408
298-527
298-2566
299-1401
299-1854
299-1881
300-2209
300-2342
300-2041
300-2134
300-2458
301-2335
301-1633
301-2796
301-1050
302-2068
303-1478
304-1626
305-2833
306-1628
307-1656
308-2977
309-1438
310-2679
310-1760
311-2147
312-2598
312-1718
312-672
313-2188
313-2884
313-837
314-454
315-2447
315-2532
316-751
317-391
317-2533
317-2872
318-2614
318-190
319-878
320-300
321-582
322-968
323-1608
324-534
324-304
324-2152
324-1521
325-2087
325-845
326-1654
326-2483
326-2660
327-2902
327-2044
327-1059
328-2346
329-1410
329-144
329-1677
329-291
329-2082
329-39
330-133
331-2895
332-2436
332-2735
333-58
334-1068
335-1519
335-409
336-907
337-721
337-1783
338-2595
339-1246
340-132
341-2343
341-2118
342-1833
343-2189
343-594
344-716
345-2141
346-336
346-831
347-2358
348-1498
348-10
349-2208
350-2161
351-2149
352-708
353-1166
353-1413
354-1892
354-297
354-1931
355-1203
355-543
356-2848
356-1940
356-1218
357-539
358-2599
358-2154
358-1668
359-874
359-1102
359-1686
359-1057
360-1594
361-1831
361-1655
361-2255
362-1629
362-2354
363-754
364-1926
364-951
364-510
364-2129
365-2372
366-709
367-2605
368-2108
368-1751
368-631
369-739
369-10
370-264
371-1059
372-1172
373-1703
373-2890
374-2908
375-2425
375-2115
375-1580
375-1810
375-1688
376-580
376-1588
376-1426
376-718
377-1183
377-2236
378-2506
378-2912
378-567
378-34
379-1563
380-2541
380-1771
381-2435
382-2520
383-53
384-1407
384-2402
384-1169
385-902
386-1865
386-2331
386-1513
387-2983
388-2833
388-446
388-1207
389-933
389-1676
390-1234
391-1596
392-2116
393-1531
394-159
394-1392
395-348
396-1847
397-554
398-2273
398-640
399-2050
399-44
400-1073
400-133
401-519
401-2717
402-2583
402-840
402-1227
403-1433
404-866
405-2736
405-2382
406-1547
406-1093
406-796
406-2693
406-2429
407-2851
408-1689
409-2608
409-2853
410-2342
410-1898
410-1039
411-538
411-2388
411-1963
411-1590
411-2198
412-314
413-1403
414-2790
415-1233
415-1588
415-2975
416-670
417-2078
417-1909
417-1731
418-1802
418-1518
418-811
418-821
418-1352
418-1565
418-1790
418-1570
419-1279
419-2011
419-2252
420-2633
421-229
422-2369
422-2507
422-1773
423-2377
423-754
423-210
423-1572
423-1451
423-182
424-254
425-1603
425-491
425-2174
426-2663
427-2164
427-1014
427-1591
427-946
428-663
428-402
428-698
429-1128
429-2234
430-1678
430-813
430-1764
431-1507
432-42
433-2612
433-2673
434-2321
434-1060
434-2473
434-234
435-1540
435-378
436-873
437-2833
437-246
438-308
439-1045
440-1659
441-111
441-2831
442-2293
443-2412
444-2417
444-1924
444-1480
444-4
445-1540
446-212
447-1873
447-136
448-1937
449-2331
450-1605
450-240
450-483
450-416
450-2725
450-238
450-1617
450-2673
451-2582
452-2339
453-2246
453-1484
453-2938
454-2698
454-47
455-1994
455-2919
456-2508
456-1959
457-1557
458-1763
459-2566
460-2111
461-2927
462-2509
462-595
462-1398
463-1832
464-2892
464-886
465-2735
465-1628
465-2209
465-2500
465-1061
466-2793
466-767
466-1293
466-1915
466-1642
466-2833
467-2507
468-2383
468-2446
468-2236
469-1064
470-2986
470-189
470-1791
470-275
471-1527
472-301
472-290
472-1600
472-1032
472-246
472-521
472-1535
473-2257
473-906
473-1029
474-2158
475-548
476-2738
477-1445
477-2212
478-2120
479-2918
479-1853
480-1357
481-333
482-1158
482-2689
482-1021
482-2827
482-1218
483-339
483-20
484-1655
484-2231
485-1058
485-152
486-2515
486-1274
487-106
487-2095
488-542
488-2595
488-1450
488-1167
488-1546
488-2385
488-152
489-1715
489-2168
489-2037
490-2491
491-1029
491-1568
492-1809
492-791
493-766
493-702
494-2854
494-979
495-1668
495-989
496-2190
496-1911
496-1592
497-2768
498-2615
499-1609
500-350
500-555
500-1838
501-1512
501-2575
501-179
502-884
502-345
502-246
502-2021
502-1333
502-1319
503-2176
504-1397
505-2208
505-1292
506-1244
507-1174
507-596
507-1434
508-1784
508-2154
508-2869
509-1468
510-1105
510-917
511-780
511-739
512-2322
512-1977
513-2672
514-2359
514-1116
515-2949
515-2791
516-539
516-1934
517-1669
518-2591
519-2380
519-1087
519-415
519-86
519-2140
520-735
521-2625
521-507
521-1897
522-2142
522-820
523-1840
523-2192
524-2646
524-1590
524-2528
525-1259
525-863
525-2399
526-1917
526-2744
527-336
527-2229
527-1713
527-1160
528-1346
528-306
528-342
528-2388
528-445
528-315
528-2134
529-635
529-2272
530-1771
530-1803
530-2294
530-2889
531-1173
531-950
531-2264
532-180
533-2595
534-1763
534-2823
534-2222
535-1363
535-2801
536-1556
537-241
537-854
538-2246
539-2148
540-789
541-75
542-647
543-2958
543-1641
544-921
544-1251
545-229
546-149
547-2925
548-2078
548-920
549-8
549-626
549-1409
550-433
550-219
551-1035
552-2065
553-2353
553-2045
554-1743
555-340
555-2498
555-1216
555-1554
555-2848
556-1979
556-582
556-2985
557-2936
557-1250
557-2054
557-2427
557-1176
558-1388
558-2429
558-2338
558-992
558-1094
559-488
560-2963
560-1486
561-2483
561-292
562-2515
563-2341
564-482
565-72
565-1013
565-1874
566-939
566-1985
566-162
567-1950
568-1115
569-2021
569-1071
570-149
570-2833
570-2654
570-759
570-2873
570-538
571-2049
572-1681
572-2481
573-2894
573-1796
573-339
573-479
574-78
574-2071
575-2968
575-508
575-1280
576-2024
576-1540
576-1834
577-537
577-2963
577-214
577-684
578-1
578-790
578-2915
578-2514
579-1915
579-1048
579-2983
580-1685
580-2350
581-1754
581-2700
581-1722
582-1270
582-1537
583-2875
584-346
585-1818
586-1163
586-152
586-1528
586-1396
587-2174
588-1701
588-2683
588-1051
589-72
590-1105
591-221
592-2430
592-2584
592-224
592-1405
592-2956
593-1718
594-91
594-866
594-1671
594-1578
594-1073
595-158
595-1033
596-2722
597-1680
597-502
598-592
599-995
600-2135
600-695
600-2179
601-1426
602-929
602-982
602-707
603-1438
603-2374
604-1610
604-424
604-2243
604-2782
605-2710
605-1456
606-1146
606-713
606-477
606-2350
606-2675
607-1188
607-1153
608-2060
609-2562
610-2801
611-144
612-703
613-962
614-2680
615-334
616-1292
616-118
616-1218
617-2556
617-915
618-827
618-913
618-163
618-445
619-1309
619-820
619-773
620-2548
621-157
621-2179
621-601
622-16
622-1309
622-2170
622-1248
622-443
623-1617
623-1789
624-723
624-2865
625-286
625-351
626-482
627-1929
627-2821
627-1166
627-1866
628-51
628-1790
629-871
629-1186
630-228
630-1680
631-1507
631-183
631-2066
632-1464
632-2371
632-377
633-2531
633-140
633-1965
634-192
634-1635
635-2329
636-2939
636-1399
637-1049
637-920
638-2852
638-1317
638-2859
639-1268
640-2552
640-2692
640-740
640-1343
640-1974
641-1445
642-2110
642-1911
642-420
642-340
642-918
642-1049
643-526
644-1228
644-2468
644-1515
645-1988
645-1371
646-2677
647-1125
647-987
648-0
648-781
649-1642
649-2893
650-1402
650-103
650-2398
650-1241
651-814
651-1191
651-2014
651-1943
651-258
652-90
652-279
652-999
652-1107
652-2524
653-933
654-1775
654-1431
654-2600
654-2388
655-1667
655-1198
655-222
655-2796
655-1016
656-1486
656-2858
657-837
658-2566
658-2622
658-893
659-53
660-2434
660-1880
660-1299
661-249
662-1545
662-1313
662-2329
663-90
663-680
664-1004
665-2084
665-577
666-985
666-2445
667-735
668-2375
669-753
669-385
670-2022
671-1069
671-1464
672-1705
673-2840
673-1956
674-1113
674-2726
675-420
676-2447
676-2552
677-1594
678-673
679-1610
679-2899
680-1216
680-397
681-2079
681-447
681-2824
682-430
683-2671
684-2195
684-1825
685-231
686-480
686-1633
686-2276
687-1816
688-1851
688-1580
689-1200
689-1728
689-2440
690-762
691-2873
691-1961
692-2291
693-209
693-1649
693-1613
694-1348
694-465
694-299
694-760
695-197
695-2580
695-1096
696-2024
696-54
697-412
697-1531
697-400
698-1433
698-1009
699-2206
700-1274
701-651
702-402
703-1990
704-2183
704-2737
705-529
706-249
707-2397
707-1036
707-2307
707-2851
707-1564
708-2142
708-1938
708-1803
709-147
710-402
711-200
712-2131
712-611
713-2137
713-2963
714-1300
714-2019
714-275
714-2441
714-638
714-1797
714-2160
714-183
714-1369
715-1350
715-2735
715-1637
715-1101
715-29
716-1469
717-2923
717-544
718-2068
719-1920
719-1748
720-372
721-1150
722-1748
722-2710
722-419
722-585
723-2600
724-2659
724-1488
725-707
725-2333
725-1913
726-2748
727-197
728-1417
729-160
730-444
730-2496
730-2712
731-1502
732-2466
733-1510
734-1954
734-55
735-2687
735-304
736-729
736-1443
736-1076
736-2708
737-1726
737-2888
737-85
737-2229
738-604
739-163
739-2893
739-2085
740-1350
741-2729
741-1924
741-1930
742-1027
743-212
743-1093
744-735
745-375
745-1706
745-1988
745-2026
745-1150
746-1430
747-1398
748-652
748-1377
748-920
748-628
748-1604
749-2078
750-1153
750-1612
750-486
751-1607
752-2681
752-943
753-2883
753-2023
753-846
754-732
755-1026
756-2524
757-1141
757-297
757-717
758-2737
759-2921
759-567
760-2113
761-2393
762-270
763-259
763-2388
763-2382
764-2549
764-2501
764-516
765-1089
765-2976
766-1079
766-700
767-67
768-994
768-2513
768-2478
768-560
768-1804
768-1151
768-2689
768-1663
768-2940
768-950
768-1282
769-1459
770-932
771-2895
771-2081
771-2091
772-2458
772-707
773-2844
774-2104
774-2140
774-574
774-2658
774-1755
775-1727
775-58
775-2305
775-1391
776-1983
777-1827
778-2994
779-1058
779-982
779-974
780-2636
780-665
780-1354
780-2521
780-2690
781-1521
782-731
783-619
784-1630
785-1188
786-1449
787-581
788-2212
789-1550
789-353
789-1745
789-424
789-2856
790-108
790-2274
790-1219
790-2985
791-1425
792-2336
792-783
793-1823
793-615
794-94
794-2160
794-2425
795-1180
795-2821
796-2672
797-1633
797-2279
797-1892
798-268
798-44
799-389
799-59
799-888
799-961
800-408
801-1624
802-1333
803-1456
804-365
804-552
804-1130
805-591
806-1156
806-1242
807-2041
808-2275
808-681
809-218
810-2396
811-2708
811-1268
812-714
812-1747
813-326
814-1060
814-1276
814-2051
814-2472
815-1603
816-1978
816-2023
817-139
818-1770
818-2011
818-2402
818-243
819-2409
820-518
821-1583
821-2933
822-531
823-1632
823-1601
824-2018
824-1113
824-444
825-245
826-2794
827-2289
827-235
828-2631
829-1547
829-804
829-713
829-454
830-442
830-1430
830-1087
831-1471
831-676
831-2285
832-2457
832-2730
833-2243
833-743
833-714
834-1301
834-1931
835-714
836-1749
836-1615
837-899
838-1784
838-2099
839-2788
840-1299
841-2684
842-1035
842-2119
843-2967
844-1551
845-183
845-792
846-907
847-1438
847-203
848-2565
849-2349
849-1145
850-911
850-641
851-1027
851-1245
851-2161
852-2540
853-1769
853-469
853-1525
853-296
853-395
854-2243
855-650
856-1200
857-2331
857-430
858-1411
859-519
859-1472
860-646
861-1737
861-169
861-548
862-1180
863-2460
864-1074
864-28
864-55
864-496
865-624
866-1006
866-1361
866-1651
866-1212
867-2761
868-2076
868-1320
869-1522
869-1946
870-862
870-146
871-1442
872-461
872-795
873-2655
873-1428
874-233
875-2604
876-2137
877-62
877-460
877-2419
877-894
877-1981
877-469
877-2798
877-2798
877-2009
877-498
878-370
879-693
879-871
880-2918
881-729
882-2750
882-183
882-389
882-712
883-1564
883-1138
884-965
885-917
885-2857
885-2074
886-1568
886-1740
886-188
886-2248
887-2402
887-822
887-1121
887-564
887-120
887-2454
888-2580
889-2535
889-1171
889-957
890-123
890-601
891-991
891-2321
891-1037
892-826
893-1213
894-214
894-1470
895-959
896-2298
896-2287
896-519
896-1454
896-89
897-826
897-2861
897-2194
898-2391
898-1239
898-1462
899-1525
899-2418
899-2939
899-895
899-2016
900-266
901-971
902-2581
902-2593
903-1851
903-2938
904-836
905-2447
906-597
906-1870
907-554
907-2282
908-2291
908-1863
908-412
908-1035
909-446
909-1877
909-1798
910-2991
911-118
911-2564
912-2894
912-2785
913-1779
913-632
914-356
915-87
916-1354
917-995
917-876
917-72
917-1560
918-380
918-2156
919-2429
919-1143
920-1890
921-2528
921-500
921-1237
922-1471
922-2159
923-1871
924-702
925-1983
925-1902
926-2037
927-133
927-1160
928-2397
928-2556
929-1968
929-1406
929-1568
930-902
930-2942
931-1321
932-2320
932-62
932-2043
932-774
932-1502
932-126
932-758
932-2974
933-2670
934-1237
935-2747
935-2495
935-2364
935-515
936-955
936-1029
936-785
937-1225
937-2002
937-2479
937-1499
938-1729
938-760
939-1890
939-1124
939-240
940-1682
940-2801
940-2030
940-1608
941-1934
941-1564
942-109
942-1461
943-1636
944-2199
944-1447
945-1369
946-577
946-1147
946-1984
946-496
946-2890
947-278
947-103
948-2146
949-1253
949-393
950-1690
950-300
950-410
950-2545
951-2747
952-696
953-2167
954-2212
955-1812
955-2620
956-1972
956-438
957-2290
958-438
958-569
958-199
959-2301
960-2832
961-2392
961-266
961-69
962-63
962-1621
962-1527
962-868
963-2136
963-284
964-28
965-437
966-2616
967-1983
967-2653
968-2810
969-2694
969-792
970-2254
971-1992
971-1182
972-573
973-1043
974-17
975-1081
975-2079
975-70
975-2260
976-1689
977-2698
977-1821
977-153
977-1713
977-2156
978-2527
978-2280
978-2343
978-564
978-441
978-2832
978-2835
979-555
979-387
980-1290
980-495
981-2696
981-1314
982-0
983-731
984-535
985-1975
985-2136
985-230
986-2715
986-1574
986-2481
987-1735
988-1411
989-1412
990-14
990-1184
990-1149
991-668
992-2974
992-147
992-706
993-515
994-330
994-2172
994-2935
995-2865
995-2146
995-2692
995-2533
995-1779
996-1745
996-2202
997-963
998-1091
999-461
1000-469
1001-594
1001-2410
1001-1413
1001-2714
1002-1089
1002-2415
1003-1824
1003-569
1003-906
1003-414
1004-2846
1005-2902
1006-625
1006-1036
1007-1987
1007-754
1007-1483
1007-915
1007-722
1007-1424
1007-2136
1007-2728
1007-2462
1008-2655
1009-105
1010-2127
1011-1361
1012-1746
1013-588
1013-1842
1013-2187
1014-1322
1015-1424
1015-93
1015-2568
1016-966
1016-1440
1017-1519
1018-1599
1019-713
1019-657
1019-160
1019-2568
1020-1597
1020-836
1021-1215
1021-177
1022-2272
1022-46
1022-227
1022-1296
1023-2294
1024-2034
1024-2105
1024-2457
1025-2465
1025-2307
1025-2969
1025-1830
1026-1015
1026-268
1026-1802
1027-2357
1028-2866
1029-2524
1029-2198
1030-2615
1030-746
1031-431
1031-2930
1032-1018
1032-2846
1032-477
1032-2310
1033-1338
1034-1972
1034-1750
1034-2340
1035-1576
1035-418
1035-2224
1036-1129
1037-991
1038-866
1039-875
1039-2728
1040-1421
1040-2288
1041-2227
1041-2039
1042-2373
1043-1750
1044-1791
1045-2445
1046-1458
1047-2190
1047-2384
1048-2584
1049-261
1049-1333
1049-2260
1049-2314
1050-1634
1050-226
1050-1879
1050-1059
1050-249
1051-1683
1051-1025
1051-1896
1052-908
1052-1375
1053-2553
1053-2943
1053-695
1053-1489
1053-2928
1054-198
1054-141
1054-2814
1055-2620
1056-2347
1056-784
1056-455
1057-2493
1057-1463
1057-56
1058-510
1058-287
1059-441
1059-2269
1060-2555
1061-980
1062-1801
1063-2864
1063-2125
1063-2471
1063-2827
1063-776
1064-2440
1064-221
1065-1621
1066-812
1067-184
1067-189
1068-1120
1068-2916
1069-1351
1069-118
1070-551
1070-2450
1071-214
1071-1740
1072-1557
1073-449
1074-2448
1074-2992
1074-2953
1074-1886
1075-1563
1076-1040
1076-757
1076-2479
1076-2291
1076-266
1077-304
1077-46
1078-2158
1078-1137
1078-2114
1078-319
1079-2323
1079-2602
1080-1186
1080-1386
1080-169
1081-808
1082-2664
1082-1605
1083-1743
1083-555
1084-424
1085-427
1085-2617
1086-2895
1087-621
1088-1814
1089-163
1090-2001
1091-2997
1091-1951
1091-2205
1091-1631
1091-2511
1091-621
1092-1577
1093-2169
1093-2942
1093-494
1094-1121
1094-1371
1094-1384
1094-1911
1094-2405
1094-1147
1095-534
1096-516
1097-1148
1097-261
1098-308
1098-2513
1098-154
1099-2813
1100-2443
1100-842
1101-1442
1102-2729
1103-2131
1103-2035
1103-1246
1104-2210
1104-1071
1104-1227
1104-198
1105-698
1106-163
1106-2340
1107-2934
1108-1231
1109-386
1109-475
1109-2269
1109-932
1110-2725
1110-1461
1111-2765
1111-2420
1111-387
1112-27
1113-1932
1113-409
1113-2234
1113-2924
1114-979
1114-2808
1114-1993
1114-321
1114-184
1115-2342
1116-2685
1117-2871
1117-576
1117-2257
1117-1141
1118-1019
1119-509
1120-1424
1120-1615
1120-1801
1121-1148
1122-1957
1123-1338
1124-2533
1125-1508
1126-410
1126-2239
1126-711
1127-2103
1127-2732
1127-1523
1128-641
1129-1888
1130-1445
1130-1277
1130-316
1130-361
1131-2699
1131-2081
1131-389
1131-2929
1132-2560
1132-1958
1133-1422
1133-1100
1133-1849
1133-793
1134-781
1135-3
1136-1580
1137-1624
1137-2929
1138-2732
1139-2004
1140-1079
1141-1754
1142-2718
1143-2711
1144-89
1144-2211
1145-1072
1146-88
1147-229
1148-2923
1148-2193
1149-2821
1150-2726
1151-2475
1152-2225
1152-1586
1152-1397
1152-1496
1153-808
1153-2041
1153-645
1154-491
1154-1527
1154-642
1155-2171
1155-2008
1156-1419
1156-1819
1157-40
1158-940
1159-721
1160-650
1161-816
1161-721
1161-2588
1161-2902
1161-1178
1161-2007
1161-845
1161-1894
1161-275
1161-695
1162-2630
1163-762
1164-2147
1165-992
1166-863
1167-2046
1167-1147
1167-945
1167-1090
1167-1533
1168-2392
1168-2722
1168-1120
1169-459
1169-1009
1169-1266
1170-1365
1170-2705
1171-2734
1172-1203
1173-247
1174-1650
1175-1797
1175-160
1176-2959
1176-2529
1176-2812
1177-2646
1177-1865
1177-2618
1177-2108
1177-1200
1178-1008
1179-61
1179-1009
1179-404
1180-542
1181-2178
1181-405
1181-1855
1181-672
1181-1651
1182-706
1183-2841
1183-1227
1183-2011
1183-667
1184-2877
1185-498
1185-1109
1186-1632
1187-392
1188-1873
1189-1038
1190-1294
1190-1728
1190-1889
1190-843
1190-2781
1190-2894
1191-2229
1192-664
1192-259
1192-257
1192-1391
1192-846
1192-232
1193-301
1194-46
1195-2813
1196-1925
1196-2458
1197-819
1197-2684
1197-2822
1198-1532
1199-581
1199-1630
1200-74
1200-761
1200-897
1200-2589
1201-1611
1202-925
1203-544
1204-510
1204-10
1205-1522
1205-41
1206-2280
1206-2314
1207-1928
1208-2746
1208-939
1209-1292
1210-2474
1210-2757
1211-1644
1211-127
1211-103
1211-2373
1211-2938
1212-1382
1212-747
1213-1849
1213-7
1214-1475
1214-1198
1215-2699
1215-2570
1215-1934
1216-275
1217-1684
1218-1251
1218-1704
1219-847
1219-1787
1219-1010
1219-2543
1220-269
1220-1280
1221-1367
1221-1137
1221-1323
1221-452
1222-844
1222-1556
1223-2106
1223-2476
1224-419
1224-1796
1224-2052
1224-320
1224-28
1224-1604
1224-2277
1225-1662
1226-987
1226-113
1227-1463
1227-1518
1227-93
1228-1935
1229-1903
1230-344
1231-2638
1232-2676
1232-112
1232-2037
1233-384
1233-1021
1234-761
1234-116
1235-465
1236-2515
1236-1466
1236-2268
1237-1772
1238-1727
1238-547
1239-1503
1240-1500
1240-2778
1240-172
1241-1334
1241-87
1241-1825
1241-147
1241-2354
1241-667
1242-2694
1242-1425
1242-1077
1243-2937
1244-1585
1244-2686
1244-2191
1244-2587
1244-1507
1245-1284
1246-1765
1247-369
1248-39
1248-2672
1248-957
1249-1552
1249-1874
1250-1847
1250-338
1251-2044
1252-1636
1253-2037
1253-2005
1253-2136
1254-2255
1255-13
1255-1170
1255-2203
1256-213
1256-1313
1257-181
1257-1729
1257-403
1258-2339
1259-1121
1260-1872
1260-2470
1260-701
1261-1801
1262-1920
1263-2155
1263-122
1263-670
1264-786
1265-1666
1266-2981
1266-1988
1267-1619
1268-1898
1268-496
1269-1999
1269-2511
1269-476
1269-202
1270-2335
1271-1881
1271-87
1272-2754
1272-1974
1273-1927
1273-2112
1274-2968
1274-514
1275-1889
1276-200
1277-2280
1278-1881
1279-923
1279-1234
1279-2088
1280-1683
1280-1653
1280-529
1281-2994
1282-1551
1283-1356
1284-2238
1285-619
1286-2420
1286-2218
1287-1996
1287-2980
1288-1527
1289-1411
1289-1499
1289-251
1289-410
1289-1995
1290-1864
1290-1945
1291-2349
1291-242
1291-322
1292-1485
1293-2360
1294-2467
1294-1834
1295-658
1296-87
1296-2820
1297-1834
1297-2467
1298-1369
1298-1393
1298-402
1298-1383
1299-399
1300-2134
1300-2370
1301-2194
1301-1437
1302-1341
1303-2122
1303-1165
1304-316
1305-575
1305-528
1305-2022
1305-1467
1305-130
1305-2806
1305-1902
1305-1822
1305-1294
1305-2672
1306-1852
1306-2731
1306-319
1307-2606
1308-830
1309-654
1310-2276
1310-2132
1310-414
1310-1927
1311-78
1311-2126
1311-2163
1312-2598
1313-1537
1313-1822
1313-961
1314-346
1315-1512
1316-868
1316-96
1317-524
1317-1913
1317-169
1318-2592
1319-2212
1319-1378
1320-736
1320-701
1320-2851
1320-1859
1320-1941
1320-2290
1321-2724
1322-2796
1322-36
1323-2012
1323-1083
1323-1764
1324-2625
1325-62
1326-29
1326-2033
1327-2892
1328-870
1329-1574
1330-2784
1331-2231
1332-2781
1332-1933
1332-2620
1332-767
1332-1109
1332-2909
1332-2857
1333-2184
1333-2645
1334-2110
1335-1915
1336-2817
1336-353
1337-1489
1338-262
1339-162
1339-2524
1340-373
1341-1556
1342-2994
1342-2688
1343-2194
1344-408
1344-1877
1344-2031
1344-1367
1345-309
1345-2838
1345-8
1345-1231
1346-1638
1346-1570
1347-2760
1347-2564
1347-2709
1348-2483
1349-312
1349-1024
1350-433
1350-2052
1351-2126
1352-859
1352-1791
1352-1596
1353-1344
1354-2058
1354-526
1355-1026
1355-2334
1355-429
1355-2034
1356-80
1356-653
1356-2939
1356-2968
1356-2299
1357-1978
1358-364
1359-152
1360-806
1360-2246
1360-2261
1360-493
1360-1394
1360-884
1360-2132
1361-1180
1362-550
1362-819
1363-1712
1364-315
1365-1166
1365-2369
1366-1570
1367-251
1368-2897
1368-837
1369-2365
1369-516
1369-2804
1370-2017
1371-152
1371-2975
1372-2171
1373-2593
1373-922
1373-2063
1373-726
1374-1086
1374-1026
1375-2729
1375-2850
1376-746
1376-1463
1377-674
1377-1112
1378-747
1379-488
1379-39
1379-1344
1380-1394
1380-1630
1380-227
1381-557
1382-1896
1382-410
1382-191
1383-2205
1383-1855
1383-316
1383-1611
1383-1304
1383-1965
1384-1182
1385-125
1385-2101
1385-723
1386-1010
1386-2549
1387-2861
1387-1066
1388-836
1388-1900
1388-2507
1388-866
1389-2722
1390-492
1391-2563
1391-1993
1391-742
1391-2916
1392-148
1393-502
1393-2511
1394-1040
1394-749
1395-1159
1395-1650
1395-1657
1395-2372
1396-714
1397-1961
1398-2142
1398-2604
1398-963
1398-1871
1398-2892
1399-2171
1399-175
1400-2398
1400-1655
1400-1574
1401-2274
1402-1918
1402-1912
1403-1933
1404-1455
1404-1438
1405-577
1406-760
1407-2250
1407-2997
1408-2079
1408-2045
1409-2615
1410-2763
1410-1933
1411-621
1411-2924
1412-1563
1413-2367
1414-1724
1414-2538
1414-1978
1414-1606
1414-2514
1415-2846
1415-668
1415-2688
1415-1379
1415-2486
1415-532
1415-2286
1415-1376
1415-945
1415-2723
1415-2209
1415-1962
1416-2250
1417-2454
1417-1257
1417-1501
1417-22
1418-2313
1418-2861
1418-410
1418-1052
1419-1281
1420-347
1420-2549
1420-2791
1420-2326
1420-1208
1421-677
1422-62
1422-496
1423-1635
1423-2953
1424-2731
1425-2001
1425-485
1426-1171
1427-1665
1428-396
1428-283
1429-215
1430-1237
1430-1260
1430-266
1431-340
1431-1316
1432-211
1433-2105
1434-879
1435-1416
1436-2382
1436-1417
1436-137
1436-944
1436-1831
1437-2816
1437-205
1437-248
1438-2461
1439-1480
1440-2847
1440-2181
1441-2396
1441-2202
1441-521
1441-480
1442-258
1443-1977
1444-2051
1444-1517
1444-2846
1445-1737
1446-2231
1447-874
1448-729
1449-807
1450-49
1450-1005
1451-1736
1452-718
1452-1637
1452-2941
1453-740
1453-1222
1454-927
1455-512
1456-2574
1456-2065
1456-2400
1456-178
1456-772
1456-2198
1457-2412
1458-376
1458-2946
1459-1360
1459-2649
1460-770
1461-1406
1461-1320
1462-817
1462-938
1462-554
1463-1313
1464-1873
1464-1664
1465-2055
1465-898
1466-1427
1467-1484
1467-1493
1467-2768
1468-993
1469-1387
1470-2007
1470-2296
1471-2334
1472-745
1472-175
1472-2275
1473-1069
1474-743
1474-1819
1474-1708
1475-545
1475-1240
1476-657
1477-2932
1478-1599
1479-2613
1479-953
1480-291
1481-123
1481-2918
1481-704
1481-1271
1482-2668
1483-739
1484-19
1484-2771
1485-687
1486-2418
1486-2835
1486-3
1486-2438
1487-790
1487-579
1488-2757
1489-654
1490-2076
1490-223
1491-2244
1492-1905
1492-2949
1493-685
1494-1380
1495-746
1495-2403
1496-69
1497-483
1498-1022
1499-2808
1500-2926
1501-2746
1501-2061
1501-712
1502-369
1502-1996
1502-209
1502-69
1502-158
1503-2950
1504-601
1505-2775
1505-940
1506-1191
1507-2583
1508-1282
1508-1540
1509-334
1510-2737
1511-1666
1512-192
1513-2740
1513-1557
1514-1878
1514-3
1515-2158
1515-1465
1516-2260
1516-2061
1516-2186
1517-727
1517-1640
1518-2442
1519-1402
1519-1525
1519-2783
1520-1505
1521-2426
1521-2831
1521-2760
1521-2448
1522-1494
1522-2848
1522-836
1522-2633
1522-2225
1523-930
1523-2407
1523-1180
1523-881
1523-523
1523-1424
1523-974
1523-2706
1524-134
1525-2358
1525-2496
1526-706
1527-347
1528-71
1528-2776
1528-74
1529-2211
1530-1418
1531-1104
1531-692
1532-1881
1532-699
1532-2955
1532-1713
1533-2776
1534-1363
1534-1996
1534-968
1534-403
1535-726
1535-309
1535-1152
1536-2640
1537-101
1538-1478
1538-1658
1538-796
1538-1209
1539-1879
1539-1885
1539-388
1540-179
1540-1173
1540-158
1541-568
1541-1293
1542-1426
1542-2538
1542-911
1542-1868
1542-2191
1543-279
1544-941
1544-2272
1544-1091
1545-2853
1546-2585
1546-603
1546-1155
1546-1837
1546-2848
1546-638
1546-281
1546-2050
1547-1631
1548-2380
1548-1802
1549-831
1550-1995
1550-1616
1551-148
1551-715
1552-719
1553-328
1554-1049
1554-2990
1554-2180
1554-2471
1555-1514
1555-2093
1556-485
1556-837
1556-1644
1557-1551
1557-767
1558-2671
1559-30
1559-2960
1560-2898
1560-2298
1561-1235
1561-2804
1562-1047
1562-195
1563-143
1564-63
1565-2357
1565-636
1566-2388
1567-727
1567-2870
1567-1595
1567-1130
1568-1957
1568-1835
1569-2165
1569-826
1570-2356
1570-1785
1570-1790
1570-2422
1571-2774
1571-2670
1571-364
1571-1083
1572-1729
1572-1829
1572-2012
1573-1056
1573-1380
1573-815
1573-1455
1573-885
1574-67
1574-2534
1574-174
1574-1371
1574-2406
1575-1751
1575-1894
1575-421
1575-921
1575-1671
1575-2
1575-581
1576-107
1577-952
1578-2888
1578-2914
1579-2995
1579-2965
1579-1361
1579-2532
1579-1320
1579-2142
1579-1038
1579-1926
1580-1954
1581-2053
1581-1077
1581-1233
1581-1799
1582-2598
1583-2934
1583-827
1584-1947
1585-2152
1585-2316
1586-877
1586-2952
1587-1091
1588-282
1589-913
1589-1906
1590-2146
1590-1140
1591-2334
1592-2613
1592-2288
1592-2556
1592-2377
1593-2805
1594-1388
1594-1714
1595-2577
1595-725
1596-669
1597-403
1597-1318
1598-319
1598-309
1599-2472
1599-1682
1599-88
1600-84
1600-1578
1600-2146
1600-1069
1600-2337
1600-2783
1601-2708
1601-975
1602-480
1602-2561
1603-1299
1603-1839
1604-2046
1604-1619
1605-837
1606-2198
1607-2233
1608-1822
1608-140
1608-2848
1609-2599
1610-1431
1610-1451
1610-2952
1610-1470
1610-2165
1610-1927
1611-1696
1611-2939
1611-1803
1612-781
1613-1195
1613-2641
1613-2387
1614-1524
1615-2428
1616-2025
1616-627
1616-658
1616-1824
1617-299
1617-2498
1618-1453
1618-893
1618-1386
1619-1683
1620-1033
1620-2132
1621-941
1621-1205
1622-1638
1623-2079
1623-2876
1624-514
1625-1695
1625-1495
1626-2177
1626-2858
1626-778
1626-1170
1627-816
1628-653
1628-2529
1628-2593
1629-1065
1630-888
1631-26
1632-396
1632-1609
1632-1559
1633-1058
1633-142
1633-1901
1634-1447
1635-2223
1635-1758
1635-2710
1635-1170
1635-221
1636-2440
1637-160
1638-2740
1639-1102
1640-2596
1641-2181
1642-989
1642-2903
1643-2800
1643-2646
1644-830
1645-1591
1646-2664
1647-2356
1648-861
1649-2948
1650-257
1651-2905
1651-1992
1651-1795
1652-996
1653-2612
1654-2597
1655-2148
1655-2460
1655-1968
1656-2866
1657-1399
1657-2491
1657-2727
1658-1606
1659-233
1660-1927
1661-2978
1661-345
1661-1110
1662-1201
1662-274
1663-2275
1663-830
1663-1803
1664-518
1664-2793
1665-1712
1666-2656
1667-2951
1668-2575
1668-2465
1668-712
1669-1359
1670-1263
1671-365
1671-2342
1672-2639
1672-709
1673-1732
1674-2791
1675-1575
1676-1425
1676-184
1676-1700
1676-1686
1677-537
1678-2446
1678-2277
1678-389
1679-2303
1679-1003
1679-2900
1679-2271
1679-31
1680-1040
1681-2860
1681-778
1682-1988
1682-2290
1682-1679
1682-2945
1683-2896
1684-440
1684-903
1685-2897
1686-2903
1687-2991
1687-2897
1687-1726
1688-2979
1688-2200
1688-1311
1689-742
1689-2456
1690-1665
1691-117
1691-2521
1692-30
1692-2201
1692-2753
1692-1566
1692-198
1693-462
1694-872
1695-483
1696-1062
1696-1746
1696-2966
1696-808
1697-2227
1697-335
1697-2066
1697-750
1698-2799
1699-2858
1700-1596
1701-1882
1702-2090
1702-2370
1703-1272
1704-929
1705-2434
1705-1860
1705-1510
1706-1958
1706-961
1706-1572
1707-777
1707-2811
1707-1584
1707-2473
1707-449
1707-1779
1708-396
1708-1998
1708-2313
1709-2772
1709-2492
1710-978
1711-2499
1711-2474
1712-1072
1713-2398
1714-181
1714-2723
1714-2270
1714-2913
1714-2819
1714-37
1715-1607
1715-2018
1715-1807
1715-1343
1715-279
1716-2811
1717-892
1717-719
1717-840
1718-1125
1718-1201
1719-2042
1719-180
1720-2203
1720-2761
1721-125
1722-752
1723-2929
1723-2172
1723-1462
1723-553
1723-2128
1724-1085
1725-539
1725-1503
1725-1532
1726-2123
1727-2833
1728-2333
1728-1912
1728-2936
1729-829
1730-1290
1730-2599
1731-2651
1731-1154
1731-1896
1731-2798
1731-722
1731-1307
1731-2419
1732-1064
1733-1535
1733-1761
1733-1838
1733-2552
1733-1111
1733-1064
1734-822
1735-1912
1735-1853
1735-451
1736-1159
1736-1360
1737-2303
1738-538
1738-1017
1738-1140
1739-916
1739-1824
1740-2446
1740-1764
1741-571
1741-1054
1742-1536
1743-2621
1743-1573
1744-838
1745-327
1745-2852
1746-1597
1746-174
1747-2008
1748-1518
1749-2207
1749-2759
1749-561
1749-2695
1750-2766
1751-1858
1752-2727
1752-1646
1753-632
1753-2602
1753-1476
1753-271
1754-1200
1754-2917
1754-2640
1755-324
1755-262
1755-815
1756-793
1756-2680
1756-2519
1757-597
1758-1567
1758-2334
1758-1118
1758-1610
1759-1041
1759-159
1760-2956
1760-1498
1761-1569
1761-965
1762-1601
1763-1132
1764-1702
1764-1972
1765-1406
1765-2804
1765-2667
1766-1317
1766-2957
1766-2388
1766-1265
1767-1535
1767-991
1768-743
1768-1239
1768-2546
1769-2353
1770-342
1770-2833
1771-2899
1772-616
1773-1578
1773-741
1773-307
1773-403
1774-1740
1774-2317
1774-307
1775-1664
1775-1312
1775-2646
1776-2151
1776-2815
1776-412
1777-1085
1778-573
1779-1653
1780-368
1780-523
1781-2153
1782-798
1783-693
1783-2378
1783-246
1784-1030
1784-1562
1784-1373
1785-1599
1785-786
1786-754
1786-343
1787-1256
1787-2423
1787-352
1787-654
1787-771
1788-2964
1788-396
1789-2566
1789-1116
1790-1892
1790-2096
1791-1306
1791-1703
1791-1745
1791-412
1791-1246
1792-2391
1793-1641
1793-1902
1794-369
1794-2336
1795-690
1795-1329
1795-856
1796-897
1797-869
1798-547
1799-2604
1799-1681
1800-115
1801-920
1802-2906
1803-2735
1804-2071
1805-1198
1805-758
1805-1539
1806-374
1807-871
1807-1405
1808-2526
1809-2343
1809-2993
1810-186
1811-2448
1811-2488
1812-465
1812-998
1813-1273
1813-2721
1814-36
1815-242
1816-1946
1817-14
1817-2763
1818-2015
1819-2314
1819-869
1820-593
1821-474
1822-1636
1823-356
1824-2166
1825-482
1825-20
1826-1535
1827-450
1828-1491
1829-440
1829-1714
1830-2739
1830-159
1830-2731
1830-201
1830-2479
1831-2439
1832-955
1833-2156
1833-1225
1833-194
1833-2443
1833-607
1833-1429
1834-928
1835-2588
1836-1875
1836-623
1836-2083
1837-985
1837-645
1838-1329
1838-1760
1839-2816
1840-2490
1841-2087
1841-664
1841-828
1842-107
1843-2659
1844-845
1844-1186
1844-2109
1845-950
1846-2306
1846-27
1847-923
1847-1309
1848-2990
1849-1041
1849-1095
1849-1850
1850-2864
1850-2089
1850-2809
1851-62
1852-1105
1852-993
1853-2941
1854-2178
1854-148
1855-2710
1855-1750
1856-2170
1856-824
1857-300
1858-844
1859-2312
1860-1279
1861-2786
1861-901
1861-2806
1862-2340
1862-475
1863-1729
1864-1601
1864-113
1865-702
1865-2116
1866-423
1867-2552
1868-1158
1869-2517
1870-1122
1871-823
1871-1425
1872-28
1873-1805
1874-2591
1875-209
1876-2290
1876-517
1877-647
1877-715
1878-303
1879-1510
1880-1793
1880-361
1880-670
1881-2510
1882-2107
1882-2101
1882-40
1882-621
1883-1618
1883-83
1884-1396
1885-2187
1886-1284
1887-1346
1887-576
1888-1011
1889-1276
1890-1742
1890-2305
1891-2892
1892-1622
1892-2164
1893-1066
1894-1206
1895-1744
1895-2692
1896-93
1896-2827
1897-1028
1897-344
1897-737
1897-618
1898-732
1899-1867
1900-1481
1900-2145
1900-613
1901-86
1902-2121
1902-76
1903-1215
1903-2328
1903-695
1903-818
1904-1530
1904-539
1904-278
1905-2203
1906-875
1907-937
1907-1763
1908-2017
1908-2576
1909-2091
1909-2015
1910-292
1911-91
1911-2362
1911-362
1912-582
1913-43
1914-2602
1914-587
1915-2942
1915-2418
1916-915
1916-553
1917-1976
1918-1518
1919-1831
1920-1032
1920-2752
1920-1369
1920-2510
1920-2235
1920-2460
1920-475
1921-2505
1921-1399
1921-2315
1921-1617
1922-78
1922-2704
1922-480
1923-2425
1923-821
1924-1531
1924-1531
1924-2940
1924-791
1924-160
1925-2951
1925-477
1926-683
1927-2624
1927-581
1928-2040
1929-1000
1929-1171
1929-2955
1929-2043
1929-2323
1929-1878
1929-1405
1930-2273
1931-2069
1932-819
1932-1378
1932-2679
1932-2869
1933-2368
1933-24
1934-2061
1934-2842
1935-2109
1935-2965
1935-2797
1936-2196
1937-2936
1937-795
1937-2229
1937-2247
1937-1269
1937-1036
1938-1060
1939-1814
1940-2455
1940-820
1941-2620
1942-1484
1942-866
1943-2540
1943-2284
1944-2492
1944-479
1945-744
1946-471
1946-1172
1946-1679
1947-1967
1947-416
1947-1444
1947-1158
1947-256
1948-1498
1949-2478
1949-2907
1950-235
1951-2434
1951-2702
1952-2361
1952-3
1952-1881
1952-2667
1953-2417
1953-966
1953-1014
1953-1147
1954-917
1955-1071
1955-1148
1955-475
1956-946
1956-739
1957-1883
1957-1529
1958-1259
1958-1221
1959-1931
1959-34
1960-156
1960-1902
1961-218
1962-616
1962-2369
1963-611
1964-2251
1964-1110
1965-2601
1966-1370
1966-68
1967-92
1968-2208
1969-1562
1969-2035
1970-1804
1970-1684
1971-966
1971-2003
1972-286
1973-2306
1974-792
1975-717
1975-1289
1975-2806
1975-2401
1976-14
1977-2078
1978-2099
1979-2822
1980-30
1981-839
1982-1437
1983-520
1983-1070
1984-1079
1985-1699
1985-441
1986-2248
1987-2805
1988-436
1989-555
1989-1728
1989-690
1990-843
1990-1024
1990-686
1991-557
1991-1437
1992-977
1992-2422
1992-996
1992-2846
1992-1522
1992-2901
1993-490
1993-834
1993-2255
1994-1500
1994-2503
1995-1869
1996-674
1996-267
1996-549
1997-173
1998-31
1999-821
1999-644
1999-1488
2000-176
2001-911
2002-2746
2003-1416
2004-366
2005-288
2006-1154
2006-2258
2007-2442
2007-1600
2008-1157
2008-507
2008-1446
2009-193
2010-1614
2011-1767
2011-2361
2011-2331
2012-1022
2013-1573
2013-1558
2013-51
2013-2434
2014-2189
2014-1620
2015-74
2015-675
2015-2008
2015-1278
2016-442
2016-1043
2016-1403
2017-2973
2018-556
2018-2029
2018-3
2019-199
2020-1289
2020-780
2020-58
2021-2384
2022-1814
2023-1975
2023-1305
2023-1346
2023-1765
2023-77
2024-1582
2025-14
2025-1335
2025-517
2026-2872
2027-2404
2028-2498
2029-2256
2029-83
2029-2919
2029-651
2030-1518
2031-2066
2032-1469
2033-813
2034-1424
2034-644
2034-1352
2035-569
2036-1403
2037-252
2038-1511
2039-1340
2040-2966
2040-1412
2040-1709
2041-610
2042-2259
2042-2162
2043-1485
2043-2429
2043-1949
2043-267
2043-934
2043-813
2044-2752
2044-353
2044-2217
2044-2113
2045-556
2045-2876
2045-2639
2046-2888
2047-1065
2047-2485
2047-221
2047-987
2048-1163
2048-1278
2048-2977
2048-2443
2048-171
2049-65
2050-1806
2051-66
2051-2611
2051-373
2052-138
2053-2839
2054-1096
2054-11
2054-868
2054-2947
2054-2803
2055-71
2055-2486
2056-291
2057-1411
2058-1993
2059-764
2060-2421
2060-1777
2061-1469
2062-545
2063-2317
2063-1330
2064-2586
2064-1736
2065-487
2065-1374
2066-1153
2066-1768
2066-628
2066-293
2067-1681
2067-40
2068-1524
2069-831
2069-2557
2069-295
2070-1278
2070-2102
2071-1840
2072-974
2072-2659
2072-2984
2073-1936
2074-995
2075-1561
2075-2331
2075-2770
2076-1567
2076-2551
2077-1790
2078-1652
2079-1796
2079-1870
2079-2998
2079-2559
2080-277
2080-114
2081-692
2081-2710
2082-2420
2083-504
2084-295
2085-2772
2086-1951
2086-2597
2086-2147
2086-2310
2086-2879
2086-2882
2086-1442
2086-2918
2086-1929
2086-1046
2087-1269
2088-1909
2089-2798
2089-1553
2089-2117
2089-2517
2089-2686
2089-836
2089-1073
2089-1308
2089-2175
2089-2063
2090-1629
2091-466
2092-14
2093-518
2093-458
2094-1273
2094-2173
2094-72
2095-1058
2095-1539
2096-457
2096-138
2096-1470
2097-29
2098-2571
2098-1737
2098-1345
2099-2351
2099-1444
2099-2182
2099-1876
2100-1245
2101-633
2102-879
2102-1194
2103-2831
2104-1544
2104-370
2104-1176
2105-740
2106-573
2107-2527
2107-2839
2107-2078
2107-2948
2108-2807
2108-959
2108-1993
2108-2175
2109-2107
2110-1932
2110-1497
2111-233
2111-2656
2112-2648
2112-218
2112-1580
2113-900
2114-1932
2115-343
2115-1407
2116-2642
2117-1495
2117-2723
2118-937
2118-175
2118-1002
2119-2881
2119-2111
2120-492
2121-1543
2121-1169
2121-2828
2121-2301
2122-1349
2122-535
2123-44
2124-2568
2125-1975
2126-1430
2126-361
2127-2274
2128-282
2129-2120
2129-2874
2129-2424
2130-1944
2130-443
2131-2928
2132-1662
2132-450
2133-82
2134-1117
2135-721
2136-621
2136-413
2136-2868
2137-936
2137-442
2137-521
2138-1552
2138-1478
2139-2945
2140-1165
2141-2478
2141-2466
2142-2325
2142-2796
2142-2259
2143-2079
2144-2300
2144-384
2144-1473
2144-1663
2145-286
2146-2149
2146-1413
2146-2219
2147-2140
2147-177
2148-841
2148-623
2149-367
2149-1402
2150-1471
2150-2564
2150-829
2150-2800
2150-383
2150-1044
2151-1431
2151-865
2152-871
2153-1760
2153-126
2154-404
2154-536
2154-2038
2154-2261
2154-1079
2154-2574
2155-7
2156-841
2156-558
2156-2015
2156-477
2156-2515
2157-692
2158-1660
2158-2643
2159-1650
2160-1778
2161-2233
2161-1511
2161-1662
2162-558
2163-679
2164-2936
2164-1316
2164-2251
2164-2978
2164-32
2165-2161
2166-1576
2167-538
2168-1558
2169-2457
2170-1345
2170-1412
2170-1400
2170-1547
2170-2664
2171-2320
2172-1432
2173-2205
2173-2726
2174-2490
2175-2894
2175-1977
2176-2929
2176-365
2176-2553
2177-1721
2177-2847
2177-1417
2177-1315
2177-1827
2178-240
2178-1420
2179-1834
2180-2739
2181-1719
2182-2603
2183-1534
2183-1646
2184-1068
2184-1115
2185-836
2186-328
2187-1298
2188-1904
2188-1945
2189-8
2189-2313
2189-284
2190-1468
2191-69
2191-805
2191-2227
2191-1942
2191-1964
2191-1531
2192-1002
2193-167
2194-1924
2195-955
2196-799
2196-2190
2197-1270
2198-2760
2198-210
2199-1465
2200-817
2200-1380
2201-1899
2202-2589
2203-1805
2204-835
2204-2934
2205-139
2205-2496
2205-1369
2206-1724
2206-448
2206-459
2206-2873
2206-1567
2206-945
2207-2324
2207-567
2208-2797
2209-832
2210-2291
2210-717
2211-2655
2212-1543
2213-2311
2214-1897
2214-942
2215-2636
2216-1914
2216-8
2216-2555
2217-1372
2218-1277
2218-470
2219-1798
2220-562
2220-2984
2220-1704
2220-277
2220-2274
2220-2135
2220-2328
2221-1398
2222-2651
2223-920
2224-1053
2224-68
2224-1444
2224-659
2225-1486
2226-1863
2226-2788
2226-1231
2226-801
2226-2936
2227-1267
2228-866
2229-1714
2229-2966
2230-2795
2231-308
2232-279
2233-797
2233-2765
2233-1333
2234-6
2235-2362
2236-2481
2237-992
2238-1462
2239-2014
2239-1755
2240-530
2241-674
2242-240
2242-262
2242-1891
2243-264
2244-2715
2245-229
2246-314
2247-2987
2248-672
2248-2784
2249-979
2249-83
2249-2154
2249-1907
2250-2010
2250-468
2250-88
2251-679
2251-2799
2252-1686
2252-2446
2253-2626
2253-2769
2254-1553
2255-22
2256-1608
2256-1136
2257-1122
2257-2972
2258-774
2258-406
2259-1881
2259-1943
2260-2571
2261-2220
2262-2080
2262-2224
2263-24
2263-1396
2264-1005
2265-2386
2266-357
2267-2530
2267-439
2268-1310
2269-1370
2269-2447
2269-1732
2269-491
2270-2329
2270-54
2271-1472
2272-2116
2272-564
2273-2018
2274-1639
2274-2072
2274-1072
2274-1546
2275-1009
2276-1921
2276-124
2276-1145
2276-2637
2277-2292
2278-202
2278-416
2278-2911
2279-2035
2279-2423
2280-443
2281-273
2282-2025
2283-1238
2284-201
2284-306
2285-1070
2285-2430
2285-2204
2285-1741
2286-2832
2287-51
2288-1313
2289-827
2290-509
2291-2062
2291-1490
2292-860
2293-161
2294-2427
2294-1634
2295-418
2296-932
2296-394
2297-1759
2297-2421
2298-1097
2298-2159
2298-1499
2298-2742
2298-2577
2299-2065
2300-984
2300-1995
2300-2340
2300-2480
2300-533
2300-2613
2301-784
2301-2540
2301-2980
2302-1611
2302-2200
2303-2807
2303-587
2303-1100
2303-510
2303-2154
2304-1546
2304-235
2304-1070
2304-1047
2305-1354
2305-777
2306-2524
2307-1386
2307-2318
2308-1115
2309-444
2310-968
2310-1495
2311-525
2312-1699
2313-2005
2313-646
2314-704
2315-2153
2316-2623
2316-504
2316-2303
2316-958
2316-1726
2316-528
2316-1623
2316-2510
2317-923
2318-2574
2318-2083
2319-2004
2319-2622
2320-32
2320-2801
2320-2085
2320-739
2321-1101
2322-1598
2322-1021
2322-1149
2322-855
2322-1282
2322-1554
2322-1968
2322-373
2322-583
2323-2474
2323-2186
2324-1230
2324-400
2324-2743
2325-1445
2326-2534
2326-1796
2327-966
2328-2960
2329-2667
2329-2057
2329-187
2329-2241
2330-2041
2330-307
2330-1753
2331-1401
2331-2227
2332-2703
2333-1108
2334-974
2335-528
2335-2864
2335-680
2336-2747
2336-120
2336-2308
2337-617
2338-2306
2338-2105
2339-2814
2339-1225
2339-1775
2340-1293
2340-1453
2341-2922
2341-74
2341-475
2342-1335
2342-2245
2342-946
2343-321
2344-1294
2344-231
2344-418
2345-1843
2345-2667
2345-536
2345-2297
2346-1745
2346-2609
2346-2153
2347-2863
2347-2490
2348-998
2348-2398
2348-1847
2349-255
2349-2105
2349-2657
2350-1739
2351-2167
2351-2496
2351-2592
2351-121
2351-729
2351-2828
2352-702
2352-2411
2352-2934
2352-2184
2353-2913
2354-1453
2354-363
2354-384
2354-1646
2355-730
2355-1776
2355-2533
2355-607
2356-1384
2357-2367
2357-2186
2357-883
2357-1768
2357-2853
2357-870
2357-2713
2358-78
2359-1225
2360-611
2360-1758
2360-2192
2361-1096
2361-290
2361-1071
2362-1909
2363-2971
2364-679
2365-2301
2366-1885
2366-764
2366-1948
2366-812
2367-298
2367-1475
2368-256
2369-898
2369-1376
2369-2778
2370-1365
2370-2408
2370-1391
2370-2374
2371-1893
2372-876
2372-684
2372-2441
2372-1851
2372-1324
2372-1969
2372-2761
2372-1495
2373-671
2374-1933
2375-93
2376-1139
2376-1274
2376-2550
2377-2151
2377-2673
2377-2541
2377-227
2378-2737
2378-1428
2379-1902
2379-2878
2380-1196
2381-1685
2382-1002
2382-764
2382-1183
2382-2862
2383-1093
2384-2110
2384-2027
2385-1474
2385-1047
2386-354
2386-620
2387-2332
2388-2665
2388-1475
2389-2834
2390-955
2390-2729
2390-1415
2390-1663
2391-2781
2391-2113
2391-2673
2392-1784
2393-1411
2393-681
2393-2112
2393-934
2394-2128
2394-1823
2394-1207
2395-2132
2395-346
2396-791
2396-1099
2397-2477
2398-665
2398-2227
2399-2775
2399-2115
2400-1998
2400-2575
2401-1069
2401-980
2402-1847
2403-900
2403-2237
2403-1344
2403-2542
2403-1540
2403-2191
2403-1955
2404-67
2404-76
2405-2414
2405-745
2405-548
2406-1350
2407-492
2408-2094
2409-2403
2409-2612
2409-1907
2410-661
2410-2718
2410-2312
2411-1080
2411-1771
2411-122
2412-1663
2412-990
2413-1283
2413-188
2413-1830
2414-942
2414-2077
2415-1906
2416-2412
2417-189
2417-1593
2418-2181
2418-1935
2418-2937
2419-1258
2419-594
2419-2111
2420-1304
2421-425
2421-2762
2422-422
2423-2194
2424-2540
2425-136
2425-1037
2426-139
2427-2194
2427-251
2427-706
2428-991
2428-2485
2428-2155
2428-1557
2429-686
2430-2074
2431-2893
2431-1212
2432-708
2432-1935
2433-546
2433-66
2434-1116
2435-1201
2435-30
2436-1215
2437-2335
2438-483
2439-1166
2439-1755
2439-407
2440-2758
2440-212
2441-1827
2442-2611
2442-1811
2443-213
2443-33
2443-970
2444-2198
2444-959
2444-1051
2445-42
2446-1305
2446-2512
2447-2296
2447-228
2447-511
2447-1778
2448-2523
2448-607
2449-2916
2450-398
2451-99
2452-2091
2452-2725
2453-883
2454-1163
2455-2691
2456-1598
2457-1033
2457-1112
2458-1222
2458-993
2459-818
2459-1591
2459-867
2460-1930
2460-71
2461-2544
2461-2071
2461-1146
2462-2694
2463-2567
2463-685
2464-243
2464-2533
2465-140
2466-755
2467-2284
2467-1480
2468-1407
2468-2549
2468-1207
2469-1958
2469-1232
2470-1326
2470-1421
2471-1414
2472-1491
2472-564
2472-2001
2473-11
2474-1039
2475-365
2475-1346
2476-1681
2476-1001
2476-2967
2477-2045
2478-2327
2478-1123
2478-29
2479-1101
2479-2122
2479-2779
2479-171
2480-97
2481-873
2481-639
2481-2371
2481-191
2482-172
2482-825
2482-1333
2482-2447
2482-555
2483-2653
2483-1957
2484-717
2484-1083
2484-1600
2485-2626
2486-955
2486-2883
2487-2393
2488-773
2488-1647
2489-538
2489-1301
2489-2647
2490-1676
2491-402
2491-1833
2491-283
2492-674
2493-2895
2494-877
2494-13
2494-461
2495-1885
2496-2494
2496-2822
2496-25
2496-2531
2497-2643
2497-152
2498-88
2498-2992
2498-2951
2499-106
2500-2828
2501-1182
2501-1629
2501-2263
2502-2540
2503-431
2503-1143
2504-362
2504-405
2504-2583
2504-1277
2505-1629
2505-2605
2506-288
2506-1558
2506-2839
2506-1718
2507-648
2507-2766
2508-2446
2509-881
2510-1687
2510-2934
2511-1674
2512-1737
2513-2955
2514-1219
2515-418
2515-2991
2516-2482
2516-80
2517-552
2518-964
2518-993
2519-1100
2519-1288
2520-2752
2520-1694
2520-312
2521-2172
2522-2896
2523-953
2523-992
2523-126
2524-2696
2524-1646
2524-2146
2524-1071
2525-2128
2526-1033
2527-1852
2528-261
2528-2128
2528-2814
2529-1931
2530-545
2531-1618
2531-1800
2532-1669
2533-1637
2534-2110
2534-2243
2534-2284
2534-2720
2535-291
2535-1146
2535-547
2535-2532
2536-1354
2536-470
2536-192
2536-1637
2537-2025
2537-1769
2538-400
2539-1736
2539-1639
2539-182
2539-1834
2540-134
2540-855
2540-1413
2540-59
2541-2382
2541-1991
2542-1948
2543-416
2544-869
2544-451
2544-1158
2544-1476
2545-2841
2546-1311
2546-891
2547-1567
2547-2281
2548-2123
2548-875
2548-1274
2549-1560
2550-222
2551-1885
2551-125
2551-142
2551-758
2552-106
2552-1630
2552-2150
2552-2589
2552-1061
2552-2488
2552-620
2553-1865
2553-1845
2553-2677
2554-2779
2554-2641
2555-2080
2556-204
2557-193
2558-1411
2558-563
2558-2030
2558-2962
2559-1528
2560-2678
2561-548
2561-1983
2561-317
2561-2942
2561-2630
2561-95
2562-547
2562-927
2562-1040
2563-2235
2563-1030
2564-1830
2565-1527
2566-2443
2566-2779
2566-2242
2566-1783
2567-518
2567-1976
2568-516
2569-1336
2570-589
2571-1191
2571-247
2571-1642
2571-792
2571-2914
2571-164
2572-900
2573-111
2574-1922
2575-1031
2576-2157
2577-2787
2577-860
2577-681
2577-558
2577-2445
2578-766
2578-1247
2578-1818
2579-356
2579-1261
2579-929
2580-1228
2581-1927
2581-1337
2582-2044
2583-2492
2583-549
2583-358
2583-2896
2583-1628
2584-2624
2584-109
2584-2884
2584-1729
2585-489
2586-2727
2586-2254
2586-1392
2587-1266
2588-266
2589-2029
2589-2865
2590-107
2590-524
2590-1291
2590-2316
2590-2715
2591-2294
2592-1446
2593-154
2594-1295
2595-1269
2595-1302
2596-2208
2596-486
2596-1693
2597-1322
2598-2953
2599-2122
2599-2916
2600-585
2600-1100
2600-980
2600-1050
2600-1411
2601-832
2602-1167
2603-2681
2603-2418
2604-2147
2604-2219
2604-1637
2604-479
2604-2705
2604-28
2605-2564
2606-1493
2606-1343
2606-1182
2607-2821
2607-2964
2607-2489
2607-760
2608-208
2608-857
2608-409
2608-1224
2608-2712
2609-307
2609-2696
2609-255
2610-152
2610-2026
2610-41
2610-507
2611-1500
2611-581
2612-1036
2612-310
2613-955
2614-2496
2614-2371
2614-2554
2615-1317
2616-1239
2616-67
2617-660
2617-978
2617-179
2618-2903
2619-1742
2620-1300
2621-1154
2621-2901
2621-1052
2621-1779
2621-2312
2621-1800
2622-2996
2623-2882
2623-1257
2623-522
2624-2278
2625-7
2626-140
2627-1355
2628-1947
2628-2067
2628-544
2628-697
2629-2797
2629-2014
2629-1896
2630-1636
2631-1044
2631-2451
2631-2987
2631-434
2631-1546
2632-1997
2632-440
2633-920
2633-1974
2634-231
2634-2904
2634-2630
2634-849
2634-188
2634-1800
2635-2222
2635-159
2636-497
2637-998
2637-545
2638-103
2639-1308
2639-305
2639-765
2640-2504
2640-2912
2641-2114
2641-1724
2641-1941
2641-1354
2641-2185
2642-2541
2642-291
2642-1848
2642-2898
2642-2104
2643-2721
2644-1769
2644-1726
2644-1888
2644-1509
2645-1003
2645-885
2645-1048
2646-897
2646-2990
2646-1832
2647-2528
2648-1663
2649-2769
2650-2646
2651-2784
2651-2662
2651-1229
2651-2097
2651-1101
2651-274
2652-2867
2652-1051
2653-1536
2654-1434
2654-818
2655-758
2655-972
2656-2458
2657-1681
2658-2061
2659-346
2659-2862
2659-773
2660-2311
2661-245
2661-1143
2661-2850
2662-404
2663-1931
2663-2823
2663-1913
2663-839
2663-2218
2664-572
2665-75
2666-163
2666-4
2667-406
2668-1643
2669-1596
2670-2897
2670-1980
2670-226
2670-1762
2671-1085
2671-2301
2671-1352
2672-1666
2672-162
2673-136
2673-1145
2673-2332
2674-2840
2675-2014
2676-831
2676-296
2676-2026
2677-1044
2678-1712
2679-1080
2680-2585
2680-2730
2680-1876
2681-1972
2682-1828
2682-780
2682-2693
2683-999
2684-2948
2685-1605
2685-2694
2685-865
2685-1654
2685-682
2686-1286
2686-273
2687-1729
2687-1597
2688-694
2688-2949
2689-489
2689-2622
2690-2170
2690-2774
2690-1093
2690-670
2690-2534
2691-767
2692-2787
2693-1297
2694-475
2694-92
2695-2295
2696-1864
2696-894
2696-484
2697-1814
2698-2544
2698-1601
2699-1091
2699-1662
2699-1783
2700-395
2701-196
2701-502
2701-146
2701-166
2702-1597
2702-1926
2703-1816
2704-1323
2704-763
2705-1886
2705-1772
2706-32
2707-821
2708-983
2709-629
2709-2568
2709-2832
2709-809
2710-2430
2710-2265
2711-197
2711-2448
2712-1539
2713-109
2713-2178
2713-229
2714-2434
2715-2095
2716-1835
2717-1859
2717-2033
2717-711
2718-2417
2719-1545
2720-1749
2721-869
2722-1772
2722-385
2722-2692
2723-2956
2723-2751
2723-2746
2724-94
2724-2722
2725-5
2726-2900
2727-263
2728-2532
2728-2334
2729-537
2730-326
2731-139
2731-2086
2731-919
2732-2931
2732-597
2732-2128
2732-1194
2732-2419
2733-1957
2733-970
2733-839
2734-327
2735-60
2736-1950
2736-1835
2736-2127
2737-2207
2737-416
2738-2792
2739-992
2740-2548
2741-456
2741-139
2742-1476
2743-982
2744-1117
2745-461
2746-315
2746-1586
2747-510
2747-1513
2748-1324
2748-779
2748-620
2749-2659
2749-1176
2749-1292
2750-1112
2751-1689
2752-1775
2753-2305
2754-813
2754-1837
2755-1857
2756-755
2756-2175
2756-2490
2757-2025
2757-802
2758-1125
2758-80
2758-893
2758-2230
2758-2302
2759-649
2759-1153
2759-1935
2759-2344
2759-63
2759-558
2759-1692
2759-1962
2760-1656
2761-911
2761-2956
2761-483
2762-1607
2762-15
2762-1103
2762-2563
2762-2817
2763-1622
2764-242
2764-1923
2764-2732
2765-132
2766-2391
2767-1145
2768-1253
2769-2573
2770-2287
2771-2125
2771-128
2772-929
2773-1817
2773-1968
2774-187
2775-2707
2775-763
2776-2775
2777-290
2777-2768
2777-1966
2777-281
2777-2771
2778-2159
2779-2286
2779-346
2780-649
2780-2932
2780-1081
2781-1786
2782-610
2782-1869
2783-866
2784-2670
2785-942
2785-1045
2785-445
2786-2985
2786-41
2786-644
2787-661
2787-354
2787-1424
2788-1271
2788-2821
2789-2644
2789-1710
2789-1189
2789-2534
2790-1025
2790-2811
2790-749
2791-2669
2792-2692
2793-277
2794-2506
2794-731
2795-1399
2795-2904
2795-1308
2795-870
2796-1005
2797-2428
2798-2206
2798-1619
2799-2838
2800-104
2801-1178
2801-897
2802-2869
2803-1912
2804-37
2805-2978
2805-2116
2806-2977
2807-946
2807-236
2808-2612
2808-1242
2808-1814
2808-2069
2808-1777
2809-1754
2810-345
2811-2294
2812-2559
2812-606
2812-1227
2813-2276
2814-810
2814-1584
2814-1155
2814-1989
2814-1348
2815-1955
2815-2143
2816-216
2816-2149
2816-2347
2817-538
2818-1411
2818-2151
2818-251
2818-2004
2818-1000
2819-643
2820-1947
2820-661
2820-2665
2820-632
2820-387
2821-818
2821-826
2821-1207
2822-1203
2822-1000
2823-1414
2823-1022
2824-381
2825-1741
2825-1596
2826-242
2827-2226
2827-1625
2828-2567
2829-478
2830-1625
2831-1570
2831-259
2831-954
2832-2669
2833-2525
2833-751
2834-1926
2835-62
2835-1057
2835-2376
2836-2630
2837-398
2837-63
2837-1508
2837-865
2838-2853
2839-2965
2840-357
2840-234
2841-2816
2842-33
2842-1048
2842-1340
2843-1130
2843-736
2843-394
2844-1705
2844-2599
2845-1483
2846-1021
2846-2978
2847-1400
2847-881
2848-1161
2848-1525
2848-1594
2848-2240
2848-1005
2849-1663
2850-462
2851-2111
2852-887
2853-1723
2853-1044
2854-1919
2854-911
2855-6
2856-2094
2856-1697
2856-770
2857-1488
2858-1214
2859-1406
2860-1969
2860-2505
2861-1978
2862-216
2863-1496
2863-2212
2864-487
2865-2565
2865-1372
2865-1896
2866-438
2867-920
2867-1462
2868-1753
2868-2399
2869-963
2869-1911
2869-626
2869-625
2870-1598
2870-1396
2871-2617
2871-2233
2871-2949
2872-2345
2872-2390
2872-125
2873-2847
2874-2570
2874-2213
2875-1314
2875-1600
2876-915
2877-2170
2878-1103
2878-875
2878-480
2878-2627
2879-1255
2880-1674
2881-509
2881-2930
2882-873
2883-628
2884-1875
2885-487
2885-89
2885-991
2885-1962
2885-2150
2886-1683
2886-1133
2887-2756
2887-412
2888-2442
2889-690
2889-1600
2890-1803
2891-2491
2892-573
2893-2162
2893-519
2893-966
2894-2311
2895-1726
2896-137
2897-2081
2897-14
2898-1168
2898-2586
2899-2533
2899-2563
2899-2499
2899-2712
2899-1240
2900-2047
2900-930
2901-372
2902-1412
2902-117
2902-939
2902-388
2902-1198
2902-1143
2903-224
2903-517
2903-1580
2904-900
2904-53
2904-1199
2904-761
2904-2138
2905-2186
2905-163
2906-369
2906-471
2906-1120
2906-1739
2907-2848
2907-1646
2907-2685
2908-2729
2909-1328
2909-2195
2909-1121
2909-879
2909-668
2910-25
2911-399
2911-307
2911-1352
2912-803
2913-2891
2914-2221
2914-936
2915-361
2916-2910
2917-1895
2917-1368
2917-1027
2917-1436
2917-456
2918-1148
2918-370
2919-879
2920-861
2921-550
2921-1976
2922-959
2922-1575
2923-2259
2923-2080
2924-1144
2925-1777
2925-1386
2926-2412
2926-1155
2927-297
2928-2182
2929-516
2930-196
2931-2454
2931-2749
2931-1867
2931-633
2931-913
2931-1061
2931-1350
2931-466
2931-328
2931-425
2931-44
2931-111
2931-908
2931-427
2931-404
2932-1618
2933-2964
2934-2008
2934-2480
2935-1449
2936-1591
2936-2067
2937-350
2937-2484
2938-176
2939-1975
2940-2336
2941-581
2941-2369
2941-1614
2941-1459
2942-805
2942-2991
2943-2145
2944-1431
2945-2525
2945-657
2946-1045
2947-2549
2947-1131
2948-1599
2949-967
2950-1160
2951-1625
2952-1373
2953-813
2954-1334
2955-653
2956-859
2956-1339
2956-599
2957-1754
2958-231
2959-2323
2959-1991
2960-2186
2960-1909
2961-1489
2961-2666
2962-469
2963-2572
2963-478
2963-2972
2964-2036
2965-125
2965-128
2965-757
2965-1898
2965-1103
2965-2012
2965-1437
2965-542
2965-386
2965-2101
2965-2720
2965-1723
2965-70
2966-2729
2966-2344
2966-1932
2966-485
2967-576
2968-2149
2968-1149
2968-20
2968-2825
2969-1737
2969-70
2970-837
2970-1251
2970-1226
2971-2065
2972-2947
2972-2945
2973-37
2973-1238
2973-169
2973-2537
2974-2146
2974-1841
2975-2458
2976-2129
2976-2410
2976-1631
2977-1426
2977-589
2978-2570
2979-1720
2980-1454
2980-2264
2981-325
2981-1882
2981-2641
2981-1085
2982-902
2983-981
2984-2871
2984-509
2985-2717
2985-1254
2985-2353
2985-1124
2986-2873
2986-479
2986-10
2987-2868
2988-2474
2989-1273
2989-978
2990-1005
2990-861
2991-2452
2992-2104
2992-2937
2992-807
2993-2365
2994-827
2995-763
2995-1856
2996-793
2997-2648
2998-1765
2998-828
2998-144
2999-2002
2999-2314
start-2266
end-896
end-109
end-1489
